1.865284974093264214e-01 2.072538860103626812e-01 2.642487046632124303e-01 3.419689119170984393e-01
1.243523316062176143e-01 3.160621761658031215e-01 4.870466321243523411e-01 7.253886010362693704e-02
3.834196891191709589e-01 6.735751295336787903e-02 2.072538860103626812e-01 3.419689119170984393e-01
1.295336787564766723e-01 5.854922279792745821e-01 1.088082901554404125e-01 1.761658031088082776e-01
2.901554404145077481e-01 3.575129533678756411e-01 3.108808290155440357e-01 4.145077720207254041e-02
1.036269430051813406e-01 4.196891191709844482e-01 3.678756476683937571e-01 1.088082901554404125e-01
2.383419689119170848e-01 3.212435233160621517e-01 8.290155440414508081e-02 3.575129533678756411e-01
1.761658031088082776e-01 3.523316062176165553e-01 3.782383419689119286e-01 9.326424870466321071e-02
4.870466321243523411e-01 1.709844559585492196e-01 1.554404145077720178e-01 1.865284974093264214e-01
1.398963730569948161e-01 1.968911917098445652e-01 5.699481865284974358e-01 9.326424870466321071e-02
1.865284974093264214e-01 1.865284974093264214e-01 5.544041450777201785e-01 7.253886010362693704e-02
7.772020725388600892e-02 3.212435233160621517e-01 4.300518134715025642e-01 1.709844559585492196e-01
1.295336787564766723e-01 5.699481865284974219e-02 7.202072538860103679e-01 9.326424870466321071e-02
7.253886010362693704e-02 1.191709844559585424e-01 4.715025906735751393e-01 3.367875647668393535e-01
1.139896373056994844e-01 3.160621761658031215e-01 1.191709844559585424e-01 4.507772020725388518e-01
1.865284974093264214e-01 2.072538860103626812e-01 2.797927461139896321e-01 3.264248704663212375e-01
5.803108808290154963e-01 2.072538860103626812e-01 6.735751295336787903e-02 1.450777202072538741e-01
7.098445595854921963e-01 1.295336787564766723e-01 5.181347150259067030e-02 1.088082901554404125e-01
