1.813471502590673634e-01 2.797927461139896321e-01 3.316062176165803232e-01 2.072538860103626812e-01
3.678756476683937571e-01 2.227979274611398830e-01 2.590673575129533446e-01 1.502590673575129598e-01
7.409326424870465999e-01 6.735751295336787903e-02 1.139896373056994844e-01 7.772020725388600892e-02
1.865284974093264214e-01 1.554404145077720178e-01 1.139896373056994844e-01 5.440414507772021180e-01
1.709844559585492196e-01 2.279792746113989688e-01 1.295336787564766723e-01 4.715025906735751393e-01
1.658031088082901616e-01 1.606217616580310759e-01 2.849740932642487179e-01 3.886010362694300446e-01
1.450777202072538741e-01 2.124352331606217670e-01 4.974093264248704571e-01 1.450777202072538741e-01
1.865284974093264214e-01 1.088082901554404125e-01 5.906735751295336678e-01 1.139896373056994844e-01
8.290155440414508081e-02 4.041450777202072464e-01 4.145077720207253624e-01 9.844559585492228260e-02
1.865284974093264214e-01 1.295336787564766723e-01 5.233160621761657749e-01 1.606217616580310759e-01
1.658031088082901616e-01 2.797927461139896321e-01 4.715025906735751393e-01 8.290155440414508081e-02
2.953367875647668339e-01 2.901554404145077481e-01 3.056994818652849499e-01 1.088082901554404125e-01
1.968911917098445652e-01 5.129533678756477144e-01 1.658031088082901616e-01 1.243523316062176143e-01
2.176165803108808250e-01 5.803108808290154963e-01 9.326424870466321071e-02 1.088082901554404125e-01
1.191709844559585424e-01 5.181347150259066892e-01 1.813471502590673634e-01 1.813471502590673634e-01
5.129533678756477144e-01 2.590673575129533446e-01 1.243523316062176143e-01 1.036269430051813406e-01
3.108808290155440357e-02 4.145077720207253624e-01 3.264248704663212375e-01 2.279792746113989688e-01
4.870466321243523411e-01 1.295336787564766723e-01 1.502590673575129598e-01 2.331606217616580268e-01
