2.435233160621761705e-01 2.435233160621761705e-01 3.108808290155440357e-01 2.020725388601036232e-01
1.554404145077720178e-02 9.844559585492228260e-02 7.772020725388600892e-01 1.088082901554404125e-01
2.072538860103626812e-01 1.554404145077720178e-02 6.994818652849741358e-01 7.772020725388600892e-02
1.347150259067357581e-01 1.347150259067357581e-01 7.253886010362693704e-02 6.580310880829015607e-01
1.554404145077720178e-01 2.227979274611398830e-01 3.056994818652849499e-01 3.160621761658031215e-01
4.145077720207254041e-02 6.735751295336787070e-01 9.844559585492228260e-02 1.865284974093264214e-01
1.191709844559585424e-01 1.243523316062176143e-01 4.041450777202072464e-01 3.523316062176165553e-01
1.554404145077720178e-01 3.212435233160621517e-01 4.248704663212435340e-01 9.844559585492228260e-02
5.388601036269430322e-01 1.606217616580310759e-01 1.191709844559585424e-01 1.813471502590673634e-01
1.761658031088082776e-01 1.398963730569948161e-01 2.746113989637305464e-01 4.093264248704663322e-01
1.658031088082901616e-01 5.854922279792745821e-01 9.326424870466321071e-02 1.554404145077720178e-01
7.253886010362693704e-02 5.181347150259066892e-01 1.347150259067357581e-01 2.746113989637305464e-01
1.865284974093264214e-01 4.093264248704663322e-01 1.917098445595854794e-01 2.124352331606217670e-01
7.253886010362693704e-02 1.139896373056994844e-01 6.528497409326424750e-01 1.606217616580310759e-01
3.419689119170984393e-01 2.849740932642487179e-01 1.450777202072538741e-01 2.279792746113989688e-01
1.554404145077720178e-01 2.953367875647668339e-01 2.901554404145077481e-01 2.590673575129533446e-01
2.124352331606217670e-01 2.227979274611398830e-01 4.559585492227979375e-01 1.088082901554404125e-01
2.642487046632124303e-01 3.264248704663212375e-01 2.176165803108808250e-01 1.917098445595854794e-01
