3.575129533678756411e-01 1.865284974093264214e-01 3.367875647668393535e-01 1.191709844559585424e-01
3.005181347150259197e-01 1.347150259067357581e-01 5.181347150259066892e-01 4.663212435233160535e-02
2.020725388601036232e-01 5.181347150259067030e-02 3.937823834196891304e-01 3.523316062176165553e-01
2.590673575129533515e-02 6.269430051813471572e-01 6.735751295336787903e-02 2.797927461139896321e-01
2.176165803108808250e-01 4.041450777202072464e-01 3.316062176165803232e-01 4.663212435233160535e-02
1.917098445595854794e-01 3.834196891191709589e-01 2.227979274611398830e-01 2.020725388601036232e-01
1.295336787564766723e-01 3.626943005181346852e-02 6.787564766839377928e-01 1.554404145077720178e-01
1.191709844559585424e-01 8.290155440414508081e-02 6.683937823834197323e-01 1.295336787564766723e-01
1.761658031088082776e-01 4.663212435233160535e-02 6.994818652849741358e-01 7.772020725388600892e-02
9.844559585492228260e-02 1.606217616580310759e-01 5.181347150259067551e-03 7.357512953367875141e-01
1.554404145077720178e-02 2.590673575129533515e-02 1.709844559585492196e-01 7.875647668393782608e-01
1.450777202072538741e-01 7.202072538860103679e-01 4.145077720207254041e-02 9.326424870466321071e-02
1.968911917098445652e-01 1.554404145077720178e-02 5.336787564766839465e-01 2.538860103626943143e-01
8.704663212435233000e-01 7.772020725388600892e-02 3.108808290155440357e-02 2.072538860103627020e-02
5.440414507772021180e-01 1.347150259067357581e-01 1.191709844559585424e-01 2.020725388601036232e-01
6.217616580310880714e-02 5.544041450777201785e-01 1.036269430051813510e-02 3.730569948186528428e-01
1.088082901554404125e-01 8.497409326424870679e-01 1.554404145077720178e-02 2.590673575129533515e-02
3.367875647668393535e-01 5.284974093264248607e-01 1.036269430051813510e-02 1.243523316062176143e-01
