2.383419689119170848e-01 5.025906735751295429e-01 1.813471502590673634e-01 7.772020725388600892e-02
3.108808290155440357e-02 7.720207253886010035e-01 5.699481865284974219e-02 1.398963730569948161e-01
3.626943005181347268e-01 4.818652849740932553e-01 5.699481865284974219e-02 9.844559585492228260e-02
3.937823834196891304e-01 1.554404145077720178e-01 2.435233160621761705e-01 2.072538860103626812e-01
6.113989637305698999e-01 1.139896373056994844e-01 1.450777202072538741e-01 1.295336787564766723e-01
3.264248704663212375e-01 6.735751295336787903e-02 3.005181347150259197e-01 3.056994818652849499e-01
4.559585492227979375e-01 3.626943005181346852e-02 3.108808290155440357e-02 4.766839378238341696e-01
7.253886010362693704e-02 4.041450777202072464e-01 4.093264248704663322e-01 1.139896373056994844e-01
8.290155440414508081e-02 6.476683937823833892e-01 2.020725388601036232e-01 6.735751295336787903e-02
4.093264248704663322e-01 9.326424870466321071e-02 2.590673575129533515e-02 4.715025906735751393e-01
2.124352331606217670e-01 9.326424870466321071e-02 2.176165803108808250e-01 4.766839378238341696e-01
5.233160621761657749e-01 1.865284974093264214e-01 8.290155440414508081e-02 2.072538860103626812e-01
4.352331606217616500e-01 9.326424870466321071e-02 1.813471502590673634e-01 2.901554404145077481e-01
3.626943005181346852e-02 1.502590673575129598e-01 3.782383419689119286e-01 4.352331606217616500e-01
4.041450777202072464e-01 2.383419689119170848e-01 2.590673575129533446e-01 9.844559585492228260e-02
1.813471502590673634e-01 2.694300518134715161e-01 8.808290155440413882e-02 4.611398963730569678e-01
3.834196891191709589e-01 1.088082901554404125e-01 2.901554404145077481e-01 2.176165803108808250e-01
1.761658031088082776e-01 1.036269430051813510e-02 1.606217616580310759e-01 6.528497409326424750e-01
