4.093264248704663322e-01 9.326424870466321071e-02 1.450777202072538741e-01 3.523316062176165553e-01
2.435233160621761705e-01 4.300518134715025642e-01 2.020725388601036232e-01 1.243523316062176143e-01
5.129533678756477144e-01 2.642487046632124303e-01 1.606217616580310759e-01 6.217616580310880714e-02
3.316062176165803232e-01 1.191709844559585424e-01 3.782383419689119286e-01 1.709844559585492196e-01
4.404145077720207357e-01 1.450777202072538741e-01 3.056994818652849499e-01 1.088082901554404125e-01
5.699481865284974358e-01 1.398963730569948161e-01 6.217616580310880714e-02 2.279792746113989688e-01
2.590673575129533446e-01 1.502590673575129598e-01 5.233160621761657749e-01 6.735751295336787903e-02
1.088082901554404125e-01 4.974093264248704571e-01 5.181347150259067030e-02 3.419689119170984393e-01
1.347150259067357581e-01 2.331606217616580268e-01 4.145077720207254041e-02 5.906735751295336678e-01
3.523316062176165553e-01 2.590673575129533515e-02 1.191709844559585424e-01 5.025906735751295429e-01
1.347150259067357581e-01 1.606217616580310759e-01 1.554404145077720178e-01 5.492227979274610927e-01
1.036269430051813406e-01 1.502590673575129598e-01 1.968911917098445652e-01 5.492227979274610927e-01
8.290155440414508081e-02 2.694300518134715161e-01 5.284974093264248607e-01 1.191709844559585424e-01
1.813471502590673634e-01 1.398963730569948161e-01 5.906735751295336678e-01 8.808290155440413882e-02
1.347150259067357581e-01 3.471502590673575250e-01 1.968911917098445652e-01 3.212435233160621517e-01
1.865284974093264214e-01 1.968911917098445652e-01 2.227979274611398830e-01 3.937823834196891304e-01
5.129533678756477144e-01 1.295336787564766723e-01 3.160621761658031215e-01 4.145077720207254041e-02
6.735751295336787903e-02 6.321243523316062429e-01 1.139896373056994844e-01 1.865284974093264214e-01
