2.538860103626943143e-01 1.191709844559585424e-01 2.901554404145077481e-01 3.367875647668393535e-01
1.295336787564766723e-01 5.544041450777201785e-01 1.295336787564766723e-01 1.865284974093264214e-01
5.699481865284974219e-02 6.373056994818653287e-01 2.072538860103626812e-01 9.844559585492228260e-02
7.772020725388600892e-02 2.642487046632124303e-01 2.901554404145077481e-01 3.678756476683937571e-01
6.735751295336787903e-02 2.590673575129533515e-02 8.290155440414507249e-01 7.772020725388600892e-02
1.139896373056994844e-01 3.108808290155440357e-02 7.668393782383419177e-01 8.808290155440413882e-02
3.523316062176165553e-01 1.036269430051813510e-02 5.077720207253886286e-01 1.295336787564766723e-01
1.968911917098445652e-01 1.088082901554404125e-01 4.145077720207254041e-02 6.528497409326424750e-01
1.554404145077720178e-02 3.626943005181346852e-02 2.590673575129533515e-02 9.222797927461139356e-01
1.398963730569948161e-01 6.217616580310880714e-01 3.626943005181346852e-02 2.020725388601036232e-01
2.383419689119170848e-01 1.554404145077720178e-02 6.373056994818653287e-01 1.088082901554404125e-01
8.445595854922279822e-01 3.626943005181346852e-02 6.735751295336787903e-02 5.181347150259067030e-02
6.580310880829015607e-01 5.699481865284974219e-02 1.243523316062176143e-01 1.606217616580310759e-01
9.326424870466321071e-02 4.715025906735751393e-01 7.772020725388600892e-02 3.575129533678756411e-01
6.735751295336787903e-02 7.875647668393782608e-01 6.735751295336787903e-02 7.772020725388600892e-02
1.243523316062176143e-01 6.994818652849741358e-01 9.844559585492228260e-02 7.772020725388600892e-02
2.487046632124352286e-01 3.886010362694300446e-01 2.797927461139896321e-01 8.290155440414508081e-02
2.227979274611398830e-01 1.036269430051813406e-01 5.595854922279792643e-01 1.139896373056994844e-01
1.088082901554404125e-01 1.191709844559585424e-01 7.150259067357512821e-01 5.699481865284974219e-02
4.093264248704663322e-01 2.901554404145077481e-01 8.290155440414508081e-02 2.176165803108808250e-01
