2.694300518134715161e-01 7.772020725388600892e-02 3.264248704663212375e-01 3.264248704663212375e-01
1.295336787564766723e-01 6.476683937823833892e-01 6.217616580310880714e-02 1.606217616580310759e-01
4.145077720207254041e-02 5.595854922279792643e-01 2.849740932642487179e-01 1.139896373056994844e-01
8.808290155440413882e-02 3.264248704663212375e-01 3.367875647668393535e-01 2.487046632124352286e-01
1.243523316062176143e-01 4.145077720207254041e-02 7.461139896373056857e-01 8.808290155440413882e-02
7.772020725388600892e-02 4.145077720207254041e-02 8.186528497409326643e-01 6.217616580310880714e-02
3.678756476683937571e-01 1.036269430051813510e-02 4.870466321243523411e-01 1.347150259067357581e-01
1.865284974093264214e-01 1.243523316062176143e-01 4.663212435233160535e-02 6.424870466321243034e-01
6.217616580310880714e-02 3.108808290155440357e-02 1.554404145077720178e-02 8.911917098445595320e-01
8.290155440414508081e-02 6.217616580310880714e-01 1.554404145077720178e-02 2.797927461139896321e-01
1.813471502590673634e-01 1.554404145077720178e-02 7.668393782383419177e-01 3.626943005181346852e-02
9.015544041450777035e-01 1.036269430051813510e-02 3.108808290155440357e-02 5.699481865284974219e-02
6.476683937823833892e-01 5.181347150259067030e-02 1.191709844559585424e-01 1.813471502590673634e-01
5.181347150259067030e-02 4.818652849740932553e-01 3.108808290155440357e-02 4.352331606217616500e-01
6.217616580310880714e-02 8.238341968911917501e-01 4.663212435233160535e-02 6.735751295336787903e-02
1.191709844559585424e-01 7.461139896373056857e-01 6.735751295336787903e-02 6.735751295336787903e-02
2.227979274611398830e-01 3.886010362694300446e-01 2.953367875647668339e-01 9.326424870466321071e-02
1.658031088082901616e-01 9.844559585492228260e-02 6.113989637305698999e-01 1.243523316062176143e-01
