4.145077720207254041e-02 1.658031088082901616e-01 6.683937823834197323e-01 1.243523316062176143e-01
2.642487046632124303e-01 3.005181347150259197e-01 1.088082901554404125e-01 3.264248704663212375e-01
7.253886010362693704e-02 1.088082901554404125e-01 4.818652849740932553e-01 3.367875647668393535e-01
2.072538860103626812e-01 1.709844559585492196e-01 4.248704663212435340e-01 1.968911917098445652e-01
1.398963730569948161e-01 1.709844559585492196e-01 2.746113989637305464e-01 4.145077720207253624e-01
4.145077720207254041e-02 6.476683937823833892e-01 1.139896373056994844e-01 1.968911917098445652e-01
1.502590673575129598e-01 4.041450777202072464e-01 3.056994818652849499e-01 1.398963730569948161e-01
2.227979274611398830e-01 3.264248704663212375e-01 2.279792746113989688e-01 2.227979274611398830e-01
1.709844559585492196e-01 1.088082901554404125e-01 4.145077720207253624e-01 3.056994818652849499e-01
1.813471502590673634e-01 9.326424870466321071e-02 1.968911917098445652e-01 5.284974093264248607e-01
7.772020725388600892e-02 5.958549222797927536e-01 1.191709844559585424e-01 2.072538860103626812e-01
7.772020725388600892e-02 8.808290155440413882e-02 6.424870466321243034e-01 1.917098445595854794e-01
2.487046632124352286e-01 2.072538860103626812e-01 8.290155440414508081e-02 4.611398963730569678e-01
1.709844559585492196e-01 3.316062176165803232e-01 8.808290155440413882e-02 4.093264248704663322e-01
1.139896373056994844e-01 3.678756476683937571e-01 2.901554404145077481e-01 2.279792746113989688e-01
2.849740932642487179e-01 5.699481865284974219e-02 3.005181347150259197e-01 3.575129533678756411e-01
1.502590673575129598e-01 5.181347150259067030e-02 7.150259067357512821e-01 8.290155440414508081e-02
1.813471502590673634e-01 3.575129533678756411e-01 1.088082901554404125e-01 3.523316062176165553e-01
