3.419689119170984393e-01 2.487046632124352286e-01 2.642487046632124303e-01 1.450777202072538741e-01
2.849740932642487179e-01 1.606217616580310759e-01 2.227979274611398830e-01 3.316062176165803232e-01
2.072538860103626812e-01 5.854922279792745821e-01 1.295336787564766723e-01 7.772020725388600892e-02
1.606217616580310759e-01 6.113989637305698999e-01 6.735751295336787903e-02 1.606217616580310759e-01
6.217616580310880714e-02 3.989637305699481606e-01 1.968911917098445652e-01 3.419689119170984393e-01
4.145077720207253624e-01 2.953367875647668339e-01 1.968911917098445652e-01 9.326424870466321071e-02
2.383419689119170848e-01 3.160621761658031215e-01 2.020725388601036232e-01 2.435233160621761705e-01
1.088082901554404125e-01 8.808290155440413882e-02 7.253886010362694536e-01 7.772020725388600892e-02
1.295336787564766723e-01 3.730569948186528428e-01 2.124352331606217670e-01 2.849740932642487179e-01
6.217616580310880714e-02 1.036269430051813406e-01 1.554404145077720178e-01 6.787564766839377928e-01
3.523316062176165553e-01 2.642487046632124303e-01 1.347150259067357581e-01 2.487046632124352286e-01
8.290155440414508081e-02 1.450777202072538741e-01 7.357512953367875141e-01 3.626943005181346852e-02
4.974093264248704571e-01 1.865284974093264214e-01 1.761658031088082776e-01 1.398963730569948161e-01
2.746113989637305464e-01 1.191709844559585424e-01 1.709844559585492196e-01 4.352331606217616500e-01
3.626943005181347268e-01 2.694300518134715161e-01 1.243523316062176143e-01 2.435233160621761705e-01
4.145077720207254041e-02 3.886010362694300446e-01 9.844559585492228260e-02 4.715025906735751393e-01
8.290155440414508081e-02 6.010362694300518394e-01 2.072538860103626812e-01 1.088082901554404125e-01
6.735751295336787903e-02 2.590673575129533446e-01 6.062176165803109251e-01 6.735751295336787903e-02
