1.243523316062176143e-01 5.284974093264248607e-01 1.036269430051813406e-01 2.435233160621761705e-01
8.808290155440413882e-02 4.766839378238341696e-01 2.849740932642487179e-01 1.502590673575129598e-01
1.088082901554404125e-01 2.694300518134715161e-01 3.005181347150259197e-01 3.212435233160621517e-01
7.253886010362693704e-02 4.663212435233160535e-02 8.445595854922279822e-01 3.626943005181346852e-02
1.036269430051813406e-01 3.108808290155440357e-02 7.823834196891191750e-01 8.290155440414508081e-02
4.041450777202072464e-01 1.036269430051813510e-02 5.233160621761657749e-01 6.217616580310880714e-02
2.279792746113989688e-01 9.326424870466321071e-02 4.663212435233160535e-02 6.321243523316062429e-01
5.181347150259067551e-03 2.072538860103627020e-02 3.108808290155440357e-02 9.430051813471502786e-01
1.036269430051813406e-01 7.305699481865285394e-01 3.626943005181346852e-02 1.295336787564766723e-01
3.056994818652849499e-01 0.000000000000000000e+00 6.165803108808289856e-01 7.772020725388600892e-02
8.601036269430051284e-01 1.554404145077720178e-02 6.735751295336787903e-02 5.699481865284974219e-02
6.165803108808289856e-01 4.145077720207254041e-02 1.917098445595854794e-01 1.502590673575129598e-01
4.145077720207254041e-02 4.248704663212435340e-01 8.290155440414508081e-02 4.507772020725388518e-01
4.145077720207254041e-02 7.616580310880829430e-01 7.772020725388600892e-02 1.191709844559585424e-01
6.217616580310880714e-02 7.616580310880829430e-01 8.290155440414508081e-02 9.326424870466321071e-02
1.709844559585492196e-01 5.025906735751295429e-01 2.331606217616580268e-01 9.326424870466321071e-02
2.590673575129533446e-01 9.844559585492228260e-02 4.974093264248704571e-01 1.450777202072538741e-01
1.243523316062176143e-01 2.124352331606217670e-01 6.062176165803109251e-01 5.699481865284974219e-02
