2.538860103626943143e-01 1.398963730569948161e-01 1.761658031088082776e-01 4.300518134715025642e-01
1.761658031088082776e-01 1.761658031088082776e-01 4.974093264248704571e-01 1.502590673575129598e-01
3.626943005181347268e-01 1.813471502590673634e-01 3.989637305699481606e-01 5.699481865284974219e-02
6.839378238341968785e-01 9.844559585492228260e-02 1.658031088082901616e-01 5.181347150259067030e-02
3.782383419689119286e-01 1.139896373056994844e-01 3.005181347150259197e-01 2.072538860103626812e-01
1.606217616580310759e-01 2.227979274611398830e-01 8.290155440414508081e-02 5.336787564766839465e-01
2.331606217616580268e-01 1.450777202072538741e-01 8.808290155440413882e-02 5.336787564766839465e-01
1.709844559585492196e-01 4.766839378238341696e-01 2.331606217616580268e-01 1.191709844559585424e-01
2.901554404145077481e-01 1.088082901554404125e-01 1.709844559585492196e-01 4.300518134715025642e-01
4.352331606217616500e-01 1.347150259067357581e-01 1.295336787564766723e-01 3.005181347150259197e-01
1.191709844559585424e-01 1.139896373056994844e-01 6.580310880829015607e-01 1.088082901554404125e-01
3.937823834196891304e-01 1.088082901554404125e-01 1.709844559585492196e-01 3.264248704663212375e-01
1.502590673575129598e-01 1.036269430051813406e-01 1.347150259067357581e-01 6.113989637305698999e-01
2.487046632124352286e-01 3.108808290155440357e-01 7.253886010362693704e-02 3.678756476683937571e-01
3.108808290155440357e-01 6.735751295336787903e-02 5.854922279792745821e-01 3.626943005181346852e-02
2.746113989637305464e-01 7.772020725388600892e-02 3.523316062176165553e-01 2.953367875647668339e-01
7.253886010362694536e-01 2.072538860103627020e-02 1.036269430051813406e-01 1.502590673575129598e-01
1.450777202072538741e-01 1.139896373056994844e-01 6.839378238341968785e-01 5.699481865284974219e-02
