1.347150259067357581e-01 2.746113989637305464e-01 2.642487046632124303e-01 3.264248704663212375e-01
1.709844559585492196e-01 5.181347150259067030e-02 1.191709844559585424e-01 6.580310880829015607e-01
1.139896373056994844e-01 2.642487046632124303e-01 4.870466321243523411e-01 1.347150259067357581e-01
5.284974093264248607e-01 1.968911917098445652e-01 7.253886010362693704e-02 2.020725388601036232e-01
1.295336787564766723e-01 7.253886010362694536e-01 9.326424870466321071e-02 5.181347150259067030e-02
3.782383419689119286e-01 3.834196891191709589e-01 4.663212435233160535e-02 1.917098445595854794e-01
4.507772020725388518e-01 9.844559585492228260e-02 3.575129533678756411e-01 9.326424870466321071e-02
4.611398963730569678e-01 7.772020725388600892e-02 3.056994818652849499e-01 1.554404145077720178e-01
2.953367875647668339e-01 1.191709844559585424e-01 3.523316062176165553e-01 2.331606217616580268e-01
1.761658031088082776e-01 1.295336787564766723e-01 4.507772020725388518e-01 2.435233160621761705e-01
3.316062176165803232e-01 2.746113989637305464e-01 2.694300518134715161e-01 1.243523316062176143e-01
1.502590673575129598e-01 1.658031088082901616e-01 5.388601036269430322e-01 1.450777202072538741e-01
6.424870466321243034e-01 1.554404145077720178e-01 9.844559585492228260e-02 1.036269430051813406e-01
1.450777202072538741e-01 4.507772020725388518e-01 4.663212435233160535e-02 3.575129533678756411e-01
1.502590673575129598e-01 4.145077720207253624e-01 2.072538860103626812e-01 2.279792746113989688e-01
2.331606217616580268e-01 2.487046632124352286e-01 1.347150259067357581e-01 3.834196891191709589e-01
2.590673575129533515e-02 2.227979274611398830e-01 4.145077720207254041e-02 7.098445595854921963e-01
1.761658031088082776e-01 2.176165803108808250e-01 2.435233160621761705e-01 3.626943005181347268e-01
