3.005181347150259197e-01 4.352331606217616500e-01 1.347150259067357581e-01 1.295336787564766723e-01
1.658031088082901616e-01 5.647668393782383500e-01 1.813471502590673634e-01 8.808290155440413882e-02
3.834196891191709589e-01 3.160621761658031215e-01 1.554404145077720178e-01 1.450777202072538741e-01
1.295336787564766723e-01 2.020725388601036232e-01 4.559585492227979375e-01 2.124352331606217670e-01
1.191709844559585424e-01 9.326424870466321071e-02 7.720207253886010035e-01 1.554404145077720178e-02
1.917098445595854794e-01 5.181347150259067030e-02 1.088082901554404125e-01 6.476683937823833892e-01
4.041450777202072464e-01 1.036269430051813406e-01 4.455958549222797660e-01 4.663212435233160535e-02
5.181347150259067030e-02 1.347150259067357581e-01 7.150259067357512821e-01 9.844559585492228260e-02
2.124352331606217670e-01 4.093264248704663322e-01 4.145077720207254041e-02 3.367875647668393535e-01
1.658031088082901616e-01 2.072538860103626812e-01 4.041450777202072464e-01 2.227979274611398830e-01
1.658031088082901616e-01 2.331606217616580268e-01 3.419689119170984393e-01 2.590673575129533446e-01
4.352331606217616500e-01 1.088082901554404125e-01 3.056994818652849499e-01 1.502590673575129598e-01
3.575129533678756411e-01 4.663212435233160535e-02 2.590673575129533446e-01 3.367875647668393535e-01
1.554404145077720178e-01 4.145077720207254041e-02 8.290155440414508081e-02 7.202072538860103679e-01
1.295336787564766723e-01 1.917098445595854794e-01 4.093264248704663322e-01 2.694300518134715161e-01
5.699481865284974219e-02 5.181347150259067030e-02 6.943005181347150501e-01 1.968911917098445652e-01
3.264248704663212375e-01 2.849740932642487179e-01 1.295336787564766723e-01 2.590673575129533446e-01
1.036269430051813406e-01 1.191709844559585424e-01 2.072538860103627020e-02 7.564766839378238572e-01
