1.347150259067357581e-01 4.145077720207254041e-02 1.709844559585492196e-01 6.528497409326424750e-01
2.487046632124352286e-01 4.663212435233160535e-02 5.025906735751295429e-01 2.020725388601036232e-01
9.844559585492228260e-02 1.139896373056994844e-01 7.720207253886010035e-01 1.554404145077720178e-02
5.181347150259067551e-03 8.808290155440414715e-01 5.181347150259067551e-03 1.088082901554404125e-01
3.730569948186528428e-01 1.968911917098445652e-01 2.538860103626943143e-01 1.761658031088082776e-01
1.606217616580310759e-01 3.886010362694300446e-01 2.901554404145077481e-01 1.606217616580310759e-01
5.129533678756477144e-01 1.554404145077720178e-02 4.145077720207254041e-02 4.300518134715025642e-01
2.797927461139896321e-01 2.072538860103627020e-02 5.803108808290154963e-01 1.191709844559585424e-01
1.502590673575129598e-01 1.554404145077720178e-01 4.145077720207254041e-02 6.528497409326424750e-01
1.450777202072538741e-01 1.502590673575129598e-01 6.321243523316062429e-01 7.253886010362693704e-02
1.295336787564766723e-01 1.502590673575129598e-01 5.906735751295336678e-01 1.295336787564766723e-01
1.968911917098445652e-01 1.088082901554404125e-01 1.554404145077720178e-01 5.388601036269430322e-01
2.746113989637305464e-01 1.658031088082901616e-01 6.217616580310880714e-02 4.974093264248704571e-01
5.854922279792745821e-01 5.699481865284974219e-02 1.450777202072538741e-01 2.124352331606217670e-01
4.715025906735751393e-01 1.709844559585492196e-01 2.331606217616580268e-01 1.243523316062176143e-01
8.808290155440413882e-02 3.056994818652849499e-01 4.404145077720207357e-01 1.658031088082901616e-01
3.367875647668393535e-01 2.072538860103626812e-01 2.797927461139896321e-01 1.761658031088082776e-01
2.020725388601036232e-01 4.041450777202072464e-01 2.694300518134715161e-01 1.243523316062176143e-01
