3.005181347150259197e-01 2.383419689119170848e-01 2.020725388601036232e-01 2.590673575129533446e-01
4.041450777202072464e-01 3.160621761658031215e-01 8.808290155440413882e-02 1.917098445595854794e-01
4.300518134715025642e-01 3.937823834196891304e-01 9.844559585492228260e-02 7.772020725388600892e-02
4.093264248704663322e-01 2.435233160621761705e-01 1.347150259067357581e-01 2.124352331606217670e-01
1.658031088082901616e-01 3.108808290155440357e-02 5.699481865284974358e-01 2.331606217616580268e-01
5.129533678756477144e-01 2.901554404145077481e-01 1.036269430051813406e-01 9.326424870466321071e-02
3.626943005181347268e-01 5.699481865284974219e-02 2.072538860103626812e-01 3.730569948186528428e-01
5.699481865284974358e-01 1.036269430051813406e-01 1.088082901554404125e-01 2.176165803108808250e-01
1.398963730569948161e-01 6.735751295336787070e-01 7.772020725388600892e-02 1.088082901554404125e-01
1.088082901554404125e-01 7.564766839378238572e-01 2.590673575129533515e-02 1.088082901554404125e-01
5.647668393782383500e-01 3.108808290155440357e-02 1.450777202072538741e-01 2.590673575129533446e-01
3.626943005181346852e-02 6.839378238341968785e-01 1.658031088082901616e-01 1.139896373056994844e-01
3.575129533678756411e-01 8.808290155440413882e-02 7.253886010362693704e-02 4.818652849740932553e-01
9.326424870466321071e-02 2.331606217616580268e-01 6.113989637305698999e-01 6.217616580310880714e-02
3.575129533678756411e-01 1.502590673575129598e-01 1.865284974093264214e-01 3.056994818652849499e-01
2.072538860103626812e-01 9.326424870466321071e-02 6.580310880829015607e-01 4.145077720207254041e-02
7.772020725388600892e-02 5.595854922279792643e-01 2.746113989637305464e-01 8.808290155440413882e-02
1.347150259067357581e-01 4.715025906735751393e-01 1.813471502590673634e-01 2.124352331606217670e-01
