2.020725388601036232e-01 1.450777202072538741e-01 1.865284974093264214e-01 4.663212435233160535e-01
2.020725388601036232e-01 6.735751295336787903e-02 2.072538860103626812e-01 5.233160621761657749e-01
3.626943005181346852e-02 5.181347150259067030e-02 1.036269430051813406e-01 8.082901554404144928e-01
1.036269430051813406e-01 1.036269430051813406e-01 7.253886010362693704e-02 7.202072538860103679e-01
9.326424870466321071e-02 2.849740932642487179e-01 1.036269430051813406e-01 5.181347150259066892e-01
2.812500000000000000e-01 6.250000000000000000e-02 8.854166666666667129e-02 5.677083333333333703e-01
2.968750000000000000e-01 1.041666666666666713e-01 6.770833333333332871e-02 5.312500000000000000e-01
2.395833333333333426e-01 4.687500000000000000e-02 4.687500000000000000e-02 6.666666666666666297e-01
8.333333333333332871e-02 1.927083333333333426e-01 1.302083333333333426e-01 5.937500000000000000e-01
2.708333333333333148e-01 1.302083333333333426e-01 6.250000000000000000e-02 5.364583333333333703e-01
7.812500000000000000e-02 3.020833333333333148e-01 2.500000000000000000e-01 3.697916666666666852e-01
2.291666666666666574e-01 3.593750000000000000e-01 1.458333333333333426e-01 2.656250000000000000e-01
2.812500000000000000e-01 3.281250000000000000e-01 1.562500000000000000e-01 2.343750000000000000e-01
5.781250000000000000e-01 6.770833333333332871e-02 1.979166666666666574e-01 1.562500000000000000e-01
8.854166666666667129e-02 2.500000000000000000e-01 1.302083333333333426e-01 5.312500000000000000e-01
6.822916666666666297e-01 1.666666666666666574e-01 1.041666666666666713e-01 4.687500000000000000e-02
3.020833333333333148e-01 3.645833333333333565e-02 4.687500000000000000e-02 6.145833333333333703e-01
1.666666666666666574e-01 1.770833333333333426e-01 4.270833333333333148e-01 2.291666666666666574e-01
