1.709844559585492196e-01 3.160621761658031215e-01 2.176165803108808250e-01 2.953367875647668339e-01
3.108808290155440357e-01 1.243523316062176143e-01 2.901554404145077481e-01 2.746113989637305464e-01
4.145077720207254041e-02 4.196891191709844482e-01 4.145077720207253624e-01 1.243523316062176143e-01
1.398963730569948161e-01 2.383419689119170848e-01 3.108808290155440357e-02 5.906735751295336678e-01
6.735751295336787903e-02 2.487046632124352286e-01 2.020725388601036232e-01 4.818652849740932553e-01
3.886010362694300446e-01 1.917098445595854794e-01 1.554404145077720178e-01 2.642487046632124303e-01
2.797927461139896321e-01 6.062176165803109251e-01 3.626943005181346852e-02 7.772020725388600892e-02
5.129533678756477144e-01 1.347150259067357581e-01 1.295336787564766723e-01 2.227979274611398830e-01
2.124352331606217670e-01 3.523316062176165553e-01 2.746113989637305464e-01 1.606217616580310759e-01
1.088082901554404125e-01 1.709844559585492196e-01 6.424870466321243034e-01 7.772020725388600892e-02
1.088082901554404125e-01 2.538860103626943143e-01 4.715025906735751393e-01 1.658031088082901616e-01
2.124352331606217670e-01 3.367875647668393535e-01 1.865284974093264214e-01 2.642487046632124303e-01
3.678756476683937571e-01 3.056994818652849499e-01 2.642487046632124303e-01 6.217616580310880714e-02
1.813471502590673634e-01 1.295336787564766723e-01 5.492227979274610927e-01 1.398963730569948161e-01
5.181347150259067030e-02 3.626943005181346852e-02 8.601036269430051284e-01 5.181347150259067030e-02
1.036269430051813406e-01 4.818652849740932553e-01 3.108808290155440357e-01 1.036269430051813406e-01
2.901554404145077481e-01 3.108808290155440357e-01 3.108808290155440357e-01 8.808290155440413882e-02
4.404145077720207357e-01 3.782383419689119286e-01 1.036269430051813406e-01 7.772020725388600892e-02
