4.145077720207253624e-01 2.331606217616580268e-01 8.290155440414508081e-02 2.694300518134715161e-01
1.243523316062176143e-01 4.922279792746113714e-01 1.761658031088082776e-01 2.072538860103626812e-01
1.813471502590673634e-01 5.336787564766839465e-01 1.709844559585492196e-01 1.139896373056994844e-01
4.818652849740932553e-01 2.435233160621761705e-01 2.383419689119170848e-01 3.626943005181346852e-02
3.834196891191709589e-01 3.678756476683937571e-01 3.108808290155440357e-02 2.176165803108808250e-01
1.036269430051813406e-01 7.772020725388600892e-02 1.554404145077720178e-01 6.632124352331606465e-01
5.284974093264248607e-01 1.917098445595854794e-01 1.968911917098445652e-01 8.290155440414508081e-02
3.316062176165803232e-01 2.849740932642487179e-01 1.088082901554404125e-01 2.746113989637305464e-01
5.906735751295336678e-01 3.626943005181346852e-02 2.227979274611398830e-01 1.502590673575129598e-01
2.020725388601036232e-01 6.373056994818653287e-01 7.772020725388600892e-02 8.290155440414508081e-02
8.808290155440413882e-02 6.994818652849741358e-01 7.253886010362693704e-02 1.398963730569948161e-01
8.601036269430051284e-01 1.036269430051813510e-02 3.626943005181346852e-02 9.326424870466321071e-02
6.735751295336787903e-02 5.492227979274610927e-01 1.658031088082901616e-01 2.176165803108808250e-01
1.450777202072538741e-01 1.295336787564766723e-01 2.694300518134715161e-01 4.559585492227979375e-01
1.243523316062176143e-01 1.658031088082901616e-01 3.575129533678756411e-01 3.523316062176165553e-01
4.300518134715025642e-01 7.253886010362693704e-02 2.435233160621761705e-01 2.538860103626943143e-01
1.502590673575129598e-01 6.735751295336787903e-02 7.512953367875647714e-01 3.108808290155440357e-02
1.606217616580310759e-01 6.113989637305698999e-01 9.844559585492228260e-02 1.295336787564766723e-01
