1.295336787564766723e-01 2.279792746113989688e-01 3.626943005181347268e-01 2.797927461139896321e-01
5.181347150259067030e-02 6.217616580310880714e-02 7.823834196891191750e-01 1.036269430051813406e-01
2.590673575129533515e-02 1.036269430051813510e-02 9.430051813471502786e-01 2.072538860103627020e-02
3.005181347150259197e-01 1.139896373056994844e-01 4.093264248704663322e-01 1.761658031088082776e-01
1.968911917098445652e-01 1.088082901554404125e-01 6.217616580310880714e-02 6.321243523316062429e-01
3.108808290155440357e-02 3.626943005181346852e-02 0.000000000000000000e+00 9.326424870466321071e-01
6.217616580310880714e-02 6.528497409326424750e-01 7.253886010362693704e-02 2.124352331606217670e-01
1.658031088082901616e-01 1.554404145077720178e-02 6.528497409326424750e-01 1.658031088082901616e-01
7.512953367875647714e-01 1.554404145077720178e-01 6.217616580310880714e-02 3.108808290155440357e-02
6.735751295336787070e-01 4.145077720207254041e-02 7.253886010362693704e-02 2.124352331606217670e-01
5.699481865284974219e-02 6.321243523316062429e-01 4.663212435233160535e-02 2.642487046632124303e-01
9.326424870466321071e-02 7.046632124352331106e-01 2.072538860103627020e-02 1.813471502590673634e-01
1.502590673575129598e-01 6.735751295336787070e-01 1.243523316062176143e-01 5.181347150259067030e-02
2.072538860103626812e-01 3.264248704663212375e-01 3.056994818652849499e-01 1.606217616580310759e-01
2.124352331606217670e-01 1.554404145077720178e-01 5.233160621761657749e-01 1.088082901554404125e-01
8.808290155440413882e-02 1.968911917098445652e-01 6.113989637305698999e-01 1.036269430051813406e-01
5.440414507772021180e-01 1.761658031088082776e-01 2.590673575129533515e-02 2.538860103626943143e-01
1.191709844559585424e-01 5.751295336787565216e-01 8.808290155440413882e-02 2.176165803108808250e-01
7.772020725388600892e-02 4.404145077720207357e-01 3.160621761658031215e-01 1.658031088082901616e-01
