7.772020725388600892e-02 1.347150259067357581e-01 2.746113989637305464e-01 5.129533678756477144e-01
3.108808290155440357e-02 6.683937823834197323e-01 1.347150259067357581e-01 1.658031088082901616e-01
2.331606217616580268e-01 7.772020725388600892e-02 1.968911917098445652e-01 4.922279792746113714e-01
7.461139896373056857e-01 5.699481865284974219e-02 5.181347150259067030e-02 1.450777202072538741e-01
5.077720207253886286e-01 2.746113989637305464e-01 2.072538860103627020e-02 1.968911917098445652e-01
2.383419689119170848e-01 4.611398963730569678e-01 1.606217616580310759e-01 1.398963730569948161e-01
7.772020725388600892e-02 6.994818652849741358e-01 1.088082901554404125e-01 1.139896373056994844e-01
1.450777202072538741e-01 4.715025906735751393e-01 2.383419689119170848e-01 1.450777202072538741e-01
1.036269430051813406e-01 3.056994818652849499e-01 1.813471502590673634e-01 4.093264248704663322e-01
4.041450777202072464e-01 3.264248704663212375e-01 2.020725388601036232e-01 6.735751295336787903e-02
2.797927461139896321e-01 9.844559585492228260e-02 4.663212435233160535e-01 1.554404145077720178e-01
8.290155440414508081e-02 1.813471502590673634e-01 2.797927461139896321e-01 4.559585492227979375e-01
1.243523316062176143e-01 2.694300518134715161e-01 5.025906735751295429e-01 1.036269430051813406e-01
5.181347150259067030e-02 1.088082901554404125e-01 4.093264248704663322e-01 4.300518134715025642e-01
4.248704663212435340e-01 3.471502590673575250e-01 1.658031088082901616e-01 6.217616580310880714e-02
1.917098445595854794e-01 2.072538860103626812e-01 4.196891191709844482e-01 1.813471502590673634e-01
2.487046632124352286e-01 2.227979274611398830e-01 3.471502590673575250e-01 1.813471502590673634e-01
2.538860103626943143e-01 3.367875647668393535e-01 1.917098445595854794e-01 2.176165803108808250e-01
