1.865284974093264214e-01 7.253886010362693704e-02 2.746113989637305464e-01 4.663212435233160535e-01
3.160621761658031215e-01 2.020725388601036232e-01 2.953367875647668339e-01 1.865284974093264214e-01
2.538860103626943143e-01 2.124352331606217670e-01 1.502590673575129598e-01 3.834196891191709589e-01
2.953367875647668339e-01 4.922279792746113714e-01 1.450777202072538741e-01 6.735751295336787903e-02
5.492227979274610927e-01 1.243523316062176143e-01 7.253886010362693704e-02 2.538860103626943143e-01
2.849740932642487179e-01 3.575129533678756411e-01 1.813471502590673634e-01 1.761658031088082776e-01
2.849740932642487179e-01 1.813471502590673634e-01 4.663212435233160535e-02 4.870466321243523411e-01
1.658031088082901616e-01 2.072538860103626812e-01 4.870466321243523411e-01 1.398963730569948161e-01
4.300518134715025642e-01 3.626943005181346852e-02 2.487046632124352286e-01 2.849740932642487179e-01
6.787564766839377928e-01 1.191709844559585424e-01 1.347150259067357581e-01 6.735751295336787903e-02
1.865284974093264214e-01 1.036269430051813510e-02 6.217616580310880714e-02 7.409326424870465999e-01
1.968911917098445652e-01 5.181347150259067030e-02 4.145077720207253624e-01 3.367875647668393535e-01
6.217616580310880714e-02 4.663212435233160535e-02 4.870466321243523411e-01 4.041450777202072464e-01
1.554404145077720178e-02 4.145077720207253624e-01 2.279792746113989688e-01 3.419689119170984393e-01
6.217616580310880714e-02 4.663212435233160535e-02 3.626943005181346852e-02 8.549222797927461537e-01
7.772020725388600892e-02 2.020725388601036232e-01 5.025906735751295429e-01 2.176165803108808250e-01
3.212435233160621517e-01 1.450777202072538741e-01 1.761658031088082776e-01 3.575129533678756411e-01
1.036269430051813510e-02 4.663212435233160535e-02 5.544041450777201785e-01 3.886010362694300446e-01
