1.554404145077720178e-01 3.212435233160621517e-01 3.005181347150259197e-01 2.227979274611398830e-01
5.025906735751295429e-01 2.383419689119170848e-01 1.450777202072538741e-01 1.139896373056994844e-01
2.797927461139896321e-01 9.844559585492228260e-02 1.243523316062176143e-01 4.974093264248704571e-01
1.450777202072538741e-01 2.331606217616580268e-01 5.336787564766839465e-01 8.808290155440413882e-02
6.217616580310880714e-02 7.772020725388600892e-01 8.290155440414508081e-02 7.772020725388600892e-02
1.088082901554404125e-01 4.663212435233160535e-01 6.217616580310880714e-02 3.626943005181347268e-01
2.279792746113989688e-01 5.284974093264248607e-01 1.709844559585492196e-01 7.253886010362693704e-02
1.191709844559585424e-01 2.435233160621761705e-01 3.886010362694300446e-01 2.487046632124352286e-01
1.761658031088082776e-01 4.507772020725388518e-01 2.849740932642487179e-01 8.808290155440413882e-02
1.139896373056994844e-01 3.419689119170984393e-01 4.455958549222797660e-01 9.844559585492228260e-02
2.797927461139896321e-01 3.316062176165803232e-01 1.968911917098445652e-01 1.917098445595854794e-01
2.383419689119170848e-01 2.694300518134715161e-01 2.176165803108808250e-01 2.746113989637305464e-01
3.005181347150259197e-01 1.917098445595854794e-01 4.507772020725388518e-01 5.699481865284974219e-02
6.113989637305698999e-01 1.606217616580310759e-01 1.450777202072538741e-01 8.290155440414508081e-02
2.176165803108808250e-01 2.072538860103626812e-01 3.367875647668393535e-01 2.383419689119170848e-01
1.347150259067357581e-01 1.968911917098445652e-01 4.663212435233160535e-01 2.020725388601036232e-01
1.606217616580310759e-01 4.248704663212435340e-01 2.538860103626943143e-01 1.606217616580310759e-01
4.663212435233160535e-02 1.658031088082901616e-01 7.616580310880829430e-01 2.590673575129533515e-02
