3.937823834196891304e-01 1.347150259067357581e-01 8.808290155440413882e-02 3.834196891191709589e-01
1.658031088082901616e-01 1.502590673575129598e-01 4.870466321243523411e-01 1.968911917098445652e-01
2.953367875647668339e-01 1.658031088082901616e-01 5.336787564766839465e-01 5.181347150259067551e-03
3.419689119170984393e-01 8.290155440414508081e-02 5.388601036269430322e-01 3.626943005181346852e-02
3.626943005181346852e-02 6.476683937823833892e-01 2.590673575129533515e-02 2.901554404145077481e-01
2.020725388601036232e-01 2.953367875647668339e-01 1.865284974093264214e-01 3.160621761658031215e-01
3.834196891191709589e-01 1.554404145077720178e-01 3.886010362694300446e-01 7.253886010362693704e-02
8.290155440414508081e-02 4.870466321243523411e-01 8.290155440414508081e-02 3.471502590673575250e-01
3.730569948186528428e-01 3.626943005181347268e-01 1.295336787564766723e-01 1.347150259067357581e-01
3.523316062176165553e-01 3.523316062176165553e-01 1.502590673575129598e-01 1.450777202072538741e-01
1.709844559585492196e-01 3.005181347150259197e-01 4.766839378238341696e-01 5.181347150259067030e-02
9.844559585492228260e-02 2.746113989637305464e-01 2.435233160621761705e-01 3.834196891191709589e-01
1.865284974093264214e-01 5.388601036269430322e-01 1.088082901554404125e-01 1.658031088082901616e-01
6.217616580310880714e-02 2.901554404145077481e-01 2.746113989637305464e-01 3.730569948186528428e-01
6.217616580310880714e-02 1.450777202072538741e-01 1.139896373056994844e-01 6.787564766839377928e-01
1.450777202072538741e-01 1.761658031088082776e-01 3.160621761658031215e-01 3.626943005181347268e-01
5.440414507772021180e-01 2.383419689119170848e-01 4.663212435233160535e-02 1.709844559585492196e-01
1.917098445595854794e-01 4.663212435233160535e-01 1.450777202072538741e-01 1.968911917098445652e-01
