2.590673575129533446e-01 1.865284974093264214e-01 3.730569948186528428e-01 1.813471502590673634e-01
6.113989637305698999e-01 9.326424870466321071e-02 1.813471502590673634e-01 1.139896373056994844e-01
5.181347150259066892e-01 4.145077720207254041e-02 5.181347150259067030e-02 3.886010362694300446e-01
3.108808290155440357e-02 4.248704663212435340e-01 2.642487046632124303e-01 2.797927461139896321e-01
4.352331606217616500e-01 2.849740932642487179e-01 5.699481865284974219e-02 2.227979274611398830e-01
4.611398963730569678e-01 5.699481865284974219e-02 2.227979274611398830e-01 2.590673575129533446e-01
3.264248704663212375e-01 1.295336787564766723e-01 2.331606217616580268e-01 3.108808290155440357e-01
5.284974093264248607e-01 7.772020725388600892e-02 2.590673575129533515e-02 3.678756476683937571e-01
8.134715025906735786e-01 3.626943005181346852e-02 4.145077720207254041e-02 1.088082901554404125e-01
2.642487046632124303e-01 5.181347150259067030e-02 2.072538860103626812e-01 4.766839378238341696e-01
7.616580310880829430e-01 8.290155440414508081e-02 6.217616580310880714e-02 9.326424870466321071e-02
1.347150259067357581e-01 1.243523316062176143e-01 5.699481865284974219e-02 6.839378238341968785e-01
4.611398963730569678e-01 2.331606217616580268e-01 4.145077720207254041e-02 2.642487046632124303e-01
2.020725388601036232e-01 7.772020725388600892e-02 1.450777202072538741e-01 5.751295336787565216e-01
2.435233160621761705e-01 6.217616580310880714e-02 3.626943005181346852e-02 6.580310880829015607e-01
1.709844559585492196e-01 2.746113989637305464e-01 4.145077720207254041e-02 5.129533678756477144e-01
2.239583333333333426e-01 3.645833333333333565e-02 1.979166666666666574e-01 5.416666666666666297e-01
1.822916666666666574e-01 1.302083333333333426e-01 3.072916666666666852e-01 3.802083333333333148e-01
