4.196891191709844482e-01 1.709844559585492196e-01 2.746113989637305464e-01 1.347150259067357581e-01
5.647668393782383500e-01 2.901554404145077481e-01 1.295336787564766723e-01 1.554404145077720178e-02
4.145077720207253624e-01 3.108808290155440357e-01 1.398963730569948161e-01 1.347150259067357581e-01
4.870466321243523411e-01 1.813471502590673634e-01 8.290155440414508081e-02 2.487046632124352286e-01
3.471502590673575250e-01 2.849740932642487179e-01 2.849740932642487179e-01 8.290155440414508081e-02
4.663212435233160535e-02 2.383419689119170848e-01 4.922279792746113714e-01 2.227979274611398830e-01
3.523316062176165553e-01 1.088082901554404125e-01 1.036269430051813406e-01 4.352331606217616500e-01
1.658031088082901616e-01 4.663212435233160535e-02 2.176165803108808250e-01 5.699481865284974358e-01
7.772020725388600892e-02 2.901554404145077481e-01 4.455958549222797660e-01 1.865284974093264214e-01
5.181347150259067030e-02 8.808290155440413882e-02 1.191709844559585424e-01 7.409326424870465999e-01
1.093750000000000000e-01 6.354166666666666297e-01 9.375000000000000000e-02 1.614583333333333426e-01
4.687500000000000000e-02 1.406250000000000000e-01 6.458333333333333703e-01 1.666666666666666574e-01
5.052083333333333703e-01 2.500000000000000000e-01 1.093750000000000000e-01 1.354166666666666574e-01
2.552083333333333148e-01 3.333333333333333148e-01 2.291666666666666574e-01 1.822916666666666574e-01
3.072916666666666852e-01 3.072916666666666852e-01 9.895833333333332871e-02 2.864583333333333148e-01
2.708333333333333148e-01 4.010416666666666852e-01 2.395833333333333426e-01 8.854166666666667129e-02
4.166666666666666435e-02 3.072916666666666852e-01 4.322916666666666852e-01 2.187500000000000000e-01
5.312500000000000000e-01 1.197916666666666713e-01 2.135416666666666574e-01 1.354166666666666574e-01
