5.129533678756477144e-01 6.217616580310880714e-02 3.005181347150259197e-01 1.243523316062176143e-01
1.658031088082901616e-01 3.367875647668393535e-01 3.005181347150259197e-01 1.968911917098445652e-01
8.031088082901554071e-01 1.502590673575129598e-01 3.108808290155440357e-02 1.554404145077720178e-02
1.295336787564766723e-01 5.699481865284974219e-02 5.751295336787565216e-01 2.383419689119170848e-01
1.813471502590673634e-01 4.404145077720207357e-01 1.658031088082901616e-01 2.124352331606217670e-01
3.316062176165803232e-01 2.072538860103627020e-02 3.367875647668393535e-01 3.108808290155440357e-01
6.217616580310880714e-02 4.559585492227979375e-01 2.953367875647668339e-01 1.865284974093264214e-01
1.968911917098445652e-01 4.663212435233160535e-01 1.865284974093264214e-01 1.502590673575129598e-01
1.088082901554404125e-01 1.139896373056994844e-01 1.243523316062176143e-01 6.528497409326424750e-01
1.502590673575129598e-01 7.772020725388600892e-02 7.098445595854921963e-01 6.217616580310880714e-02
2.279792746113989688e-01 5.699481865284974219e-02 2.849740932642487179e-01 4.300518134715025642e-01
3.626943005181346852e-02 2.487046632124352286e-01 1.191709844559585424e-01 5.958549222797927536e-01
4.974093264248704571e-01 4.145077720207254041e-02 5.181347150259067551e-03 4.559585492227979375e-01
3.626943005181347268e-01 3.523316062176165553e-01 6.217616580310880714e-02 2.227979274611398830e-01
1.554404145077720178e-01 4.715025906735751393e-01 1.295336787564766723e-01 2.435233160621761705e-01
3.937823834196891304e-01 3.367875647668393535e-01 1.502590673575129598e-01 1.191709844559585424e-01
3.678756476683937571e-01 3.108808290155440357e-02 4.041450777202072464e-01 1.968911917098445652e-01
2.020725388601036232e-01 4.455958549222797660e-01 1.139896373056994844e-01 2.383419689119170848e-01
