2.797927461139896321e-01 2.124352331606217670e-01 1.347150259067357581e-01 3.730569948186528428e-01
3.367875647668393535e-01 1.606217616580310759e-01 3.264248704663212375e-01 1.761658031088082776e-01
2.227979274611398830e-01 4.093264248704663322e-01 1.917098445595854794e-01 1.761658031088082776e-01
1.139896373056994844e-01 6.373056994818653287e-01 3.108808290155440357e-02 2.176165803108808250e-01
3.108808290155440357e-01 5.699481865284974219e-02 1.917098445595854794e-01 4.404145077720207357e-01
2.538860103626943143e-01 4.093264248704663322e-01 1.917098445595854794e-01 1.450777202072538741e-01
1.450777202072538741e-01 7.253886010362693704e-02 1.036269430051813406e-01 6.787564766839377928e-01
1.554404145077720178e-02 6.321243523316062429e-01 3.056994818652849499e-01 4.663212435233160535e-02
5.751295336787565216e-01 2.072538860103627020e-02 5.181347150259067030e-02 3.523316062176165553e-01
3.626943005181346852e-02 7.772020725388600892e-02 8.238341968911917501e-01 6.217616580310880714e-02
1.813471502590673634e-01 5.233160621761657749e-01 2.124352331606217670e-01 8.290155440414508081e-02
6.528497409326424750e-01 1.295336787564766723e-01 3.108808290155440357e-02 1.865284974093264214e-01
5.595854922279792643e-01 9.326424870466321071e-02 9.326424870466321071e-02 2.538860103626943143e-01
5.284974093264248607e-01 1.968911917098445652e-01 2.590673575129533515e-02 2.487046632124352286e-01
5.699481865284974358e-01 1.761658031088082776e-01 7.772020725388600892e-02 1.761658031088082776e-01
6.217616580310880714e-02 3.626943005181347268e-01 6.735751295336787903e-02 5.077720207253886286e-01
4.455958549222797660e-01 2.072538860103626812e-01 1.243523316062176143e-01 2.227979274611398830e-01
2.383419689119170848e-01 2.538860103626943143e-01 2.797927461139896321e-01 2.279792746113989688e-01
