2.849740932642487179e-01 2.279792746113989688e-01 3.005181347150259197e-01 1.865284974093264214e-01
1.295336787564766723e-01 9.844559585492228260e-02 6.113989637305698999e-01 1.606217616580310759e-01
2.383419689119170848e-01 1.813471502590673634e-01 4.870466321243523411e-01 9.326424870466321071e-02
1.347150259067357581e-01 4.507772020725388518e-01 1.658031088082901616e-01 2.487046632124352286e-01
1.347150259067357581e-01 4.611398963730569678e-01 2.435233160621761705e-01 1.606217616580310759e-01
1.139896373056994844e-01 7.253886010362693704e-02 1.191709844559585424e-01 6.943005181347150501e-01
4.145077720207254041e-02 7.150259067357512821e-01 1.398963730569948161e-01 1.036269430051813406e-01
2.797927461139896321e-01 2.176165803108808250e-01 9.844559585492228260e-02 4.041450777202072464e-01
1.450777202072538741e-01 2.124352331606217670e-01 5.647668393782383500e-01 7.772020725388600892e-02
7.772020725388600892e-02 1.865284974093264214e-01 6.010362694300518394e-01 1.347150259067357581e-01
2.227979274611398830e-01 1.658031088082901616e-01 4.196891191709844482e-01 1.917098445595854794e-01
1.295336787564766723e-01 1.917098445595854794e-01 4.559585492227979375e-01 2.227979274611398830e-01
1.139896373056994844e-01 3.626943005181346852e-02 2.590673575129533515e-02 8.238341968911917501e-01
8.808290155440413882e-02 2.538860103626943143e-01 4.766839378238341696e-01 1.813471502590673634e-01
1.139896373056994844e-01 9.844559585492228260e-02 1.658031088082901616e-01 6.217616580310880714e-01
1.398963730569948161e-01 2.020725388601036232e-01 5.699481865284974358e-01 8.808290155440413882e-02
7.046632124352331106e-01 5.181347150259067551e-03 7.253886010362693704e-02 2.176165803108808250e-01
1.191709844559585424e-01 9.844559585492228260e-02 6.113989637305698999e-01 1.709844559585492196e-01
