3.782383419689119286e-01 1.243523316062176143e-01 2.331606217616580268e-01 2.642487046632124303e-01
5.595854922279792643e-01 2.901554404145077481e-01 1.398963730569948161e-01 1.036269430051813510e-02
4.041450777202072464e-01 9.326424870466321071e-02 8.808290155440413882e-02 4.145077720207253624e-01
4.041450777202072464e-01 3.678756476683937571e-01 1.865284974093264214e-01 4.145077720207254041e-02
1.347150259067357581e-01 1.554404145077720178e-01 3.626943005181347268e-01 3.471502590673575250e-01
3.316062176165803232e-01 5.440414507772021180e-01 6.217616580310880714e-02 6.217616580310880714e-02
6.683937823834197323e-01 5.181347150259067030e-02 3.108808290155440357e-02 2.487046632124352286e-01
1.813471502590673634e-01 6.217616580310880714e-02 7.046632124352331106e-01 5.181347150259067030e-02
3.886010362694300446e-01 1.243523316062176143e-01 2.072538860103626812e-01 2.797927461139896321e-01
6.165803108808289856e-01 9.844559585492228260e-02 2.020725388601036232e-01 8.290155440414508081e-02
8.290155440414508081e-02 1.709844559585492196e-01 1.917098445595854794e-01 5.544041450777201785e-01
4.145077720207253624e-01 2.953367875647668339e-01 1.347150259067357581e-01 1.554404145077720178e-01
8.808290155440413882e-02 2.020725388601036232e-01 5.699481865284974219e-02 6.528497409326424750e-01
1.243523316062176143e-01 4.663212435233160535e-02 2.176165803108808250e-01 6.113989637305698999e-01
8.808290155440413882e-02 2.642487046632124303e-01 1.658031088082901616e-01 4.818652849740932553e-01
4.663212435233160535e-02 1.139896373056994844e-01 7.253886010362693704e-02 7.668393782383419177e-01
1.761658031088082776e-01 2.124352331606217670e-01 6.735751295336787903e-02 5.440414507772021180e-01
8.290155440414508081e-02 3.419689119170984393e-01 6.735751295336787903e-02 5.077720207253886286e-01
