3.160621761658031215e-01 2.279792746113989688e-01 1.658031088082901616e-01 2.901554404145077481e-01
2.020725388601036232e-01 6.787564766839377928e-01 8.290155440414508081e-02 3.626943005181346852e-02
7.046632124352331106e-01 1.036269430051813406e-01 4.663212435233160535e-02 1.450777202072538741e-01
2.331606217616580268e-01 6.632124352331606465e-01 3.626943005181346852e-02 6.735751295336787903e-02
2.642487046632124303e-01 2.487046632124352286e-01 1.088082901554404125e-01 3.782383419689119286e-01
3.471502590673575250e-01 1.088082901554404125e-01 2.746113989637305464e-01 2.694300518134715161e-01
3.419689119170984393e-01 2.694300518134715161e-01 2.279792746113989688e-01 1.606217616580310759e-01
3.730569948186528428e-01 5.181347150259067030e-02 3.160621761658031215e-01 2.590673575129533446e-01
6.217616580310880714e-02 1.398963730569948161e-01 1.554404145077720178e-01 6.424870466321243034e-01
1.822916666666666574e-01 3.437500000000000000e-01 1.041666666666666713e-01 3.697916666666666852e-01
3.697916666666666852e-01 3.281250000000000000e-01 1.406250000000000000e-01 1.614583333333333426e-01
1.510416666666666574e-01 1.510416666666666574e-01 5.572916666666666297e-01 1.406250000000000000e-01
6.770833333333332871e-02 1.562500000000000000e-01 9.895833333333332871e-02 6.770833333333333703e-01
7.291666666666667129e-02 1.770833333333333426e-01 1.093750000000000000e-01 6.406250000000000000e-01
9.375000000000000000e-02 2.447916666666666574e-01 2.968750000000000000e-01 3.645833333333333148e-01
1.822916666666666574e-01 1.718750000000000000e-01 4.218750000000000000e-01 2.239583333333333426e-01
2.291666666666666574e-01 3.645833333333333565e-02 5.625000000000000000e-01 1.718750000000000000e-01
4.843750000000000000e-01 2.135416666666666574e-01 2.187500000000000000e-01 8.333333333333332871e-02
