1.606217616580310759e-01 3.782383419689119286e-01 1.658031088082901616e-01 2.953367875647668339e-01
8.290155440414508081e-02 3.367875647668393535e-01 1.139896373056994844e-01 4.663212435233160535e-01
1.502590673575129598e-01 1.865284974093264214e-01 3.108808290155440357e-01 3.523316062176165553e-01
1.709844559585492196e-01 2.797927461139896321e-01 4.248704663212435340e-01 1.243523316062176143e-01
4.455958549222797660e-01 1.709844559585492196e-01 3.160621761658031215e-01 6.735751295336787903e-02
3.264248704663212375e-01 4.145077720207254041e-02 4.352331606217616500e-01 1.968911917098445652e-01
3.989637305699481606e-01 2.383419689119170848e-01 2.435233160621761705e-01 1.191709844559585424e-01
3.886010362694300446e-01 4.041450777202072464e-01 5.181347150259067030e-02 1.554404145077720178e-01
5.388601036269430322e-01 1.917098445595854794e-01 9.844559585492228260e-02 1.709844559585492196e-01
1.865284974093264214e-01 5.181347150259067030e-02 7.046632124352331106e-01 5.699481865284974219e-02
3.471502590673575250e-01 2.538860103626943143e-01 1.761658031088082776e-01 2.227979274611398830e-01
1.865284974093264214e-01 5.699481865284974219e-02 1.191709844559585424e-01 6.373056994818653287e-01
1.088082901554404125e-01 5.803108808290154963e-01 1.865284974093264214e-01 1.243523316062176143e-01
1.398963730569948161e-01 1.761658031088082776e-01 2.383419689119170848e-01 4.455958549222797660e-01
7.083333333333333703e-01 9.895833333333332871e-02 5.729166666666666435e-02 1.354166666666666574e-01
9.895833333333332871e-02 1.979166666666666574e-01 6.302083333333333703e-01 7.291666666666667129e-02
1.302083333333333426e-01 1.979166666666666574e-01 3.072916666666666852e-01 3.645833333333333148e-01
1.250000000000000000e-01 2.656250000000000000e-01 5.000000000000000000e-01 1.093750000000000000e-01
