1.658031088082901616e-01 5.077720207253886286e-01 9.844559585492228260e-02 2.279792746113989688e-01
5.492227979274610927e-01 3.419689119170984393e-01 6.217616580310880714e-02 4.663212435233160535e-02
4.300518134715025642e-01 1.761658031088082776e-01 1.761658031088082776e-01 2.176165803108808250e-01
1.191709844559585424e-01 1.139896373056994844e-01 1.554404145077720178e-01 6.113989637305698999e-01
4.196891191709844482e-01 7.253886010362693704e-02 4.455958549222797660e-01 6.217616580310880714e-02
7.772020725388600892e-02 2.694300518134715161e-01 2.538860103626943143e-01 3.989637305699481606e-01
1.347150259067357581e-01 1.502590673575129598e-01 2.590673575129533446e-01 4.559585492227979375e-01
1.450777202072538741e-01 2.020725388601036232e-01 4.663212435233160535e-01 1.865284974093264214e-01
7.291666666666666297e-01 9.375000000000000000e-02 9.895833333333332871e-02 7.812500000000000000e-02
1.562500000000000000e-01 2.656250000000000000e-01 3.802083333333333148e-01 1.979166666666666574e-01
1.770833333333333426e-01 4.687500000000000000e-02 8.854166666666667129e-02 6.875000000000000000e-01
2.187500000000000000e-01 2.916666666666666852e-01 1.979166666666666574e-01 2.916666666666666852e-01
1.406250000000000000e-01 6.354166666666666297e-01 5.208333333333333565e-02 1.718750000000000000e-01
2.083333333333333426e-01 3.177083333333333148e-01 3.489583333333333148e-01 1.250000000000000000e-01
1.718750000000000000e-01 1.250000000000000000e-01 1.875000000000000000e-01 5.156250000000000000e-01
2.135416666666666574e-01 1.614583333333333426e-01 1.354166666666666574e-01 4.895833333333333148e-01
1.354166666666666574e-01 6.093750000000000000e-01 6.770833333333332871e-02 1.875000000000000000e-01
2.291666666666666574e-01 3.958333333333333148e-01 9.375000000000000000e-02 2.812500000000000000e-01
