2.020725388601036232e-01 7.253886010362693704e-02 1.295336787564766723e-01 5.958549222797927536e-01
2.383419689119170848e-01 2.331606217616580268e-01 2.538860103626943143e-01 2.746113989637305464e-01
1.295336787564766723e-01 2.072538860103627020e-02 9.844559585492228260e-02 7.512953367875647714e-01
3.626943005181346852e-02 5.699481865284974219e-02 1.606217616580310759e-01 7.461139896373056857e-01
8.808290155440413882e-02 2.746113989637305464e-01 2.124352331606217670e-01 4.248704663212435340e-01
2.031250000000000000e-01 1.041666666666666609e-02 2.083333333333333218e-02 7.656250000000000000e-01
5.208333333333333565e-02 1.458333333333333426e-01 3.072916666666666852e-01 4.947916666666666852e-01
6.041666666666666297e-01 3.645833333333333565e-02 1.093750000000000000e-01 2.500000000000000000e-01
3.541666666666666852e-01 8.333333333333332871e-02 2.135416666666666574e-01 3.489583333333333148e-01
3.958333333333333148e-01 4.166666666666666435e-02 5.729166666666666435e-02 5.052083333333333703e-01
2.604166666666666852e-01 1.197916666666666713e-01 7.812500000000000000e-02 5.416666666666666297e-01
6.197916666666666297e-01 2.812500000000000000e-01 5.208333333333333565e-02 4.687500000000000000e-02
6.770833333333332871e-02 6.927083333333333703e-01 1.354166666666666574e-01 1.041666666666666713e-01
4.322916666666666852e-01 2.395833333333333426e-01 2.604166666666666782e-02 3.020833333333333148e-01
9.895833333333332871e-02 2.656250000000000000e-01 1.875000000000000000e-01 4.479166666666666852e-01
4.635416666666666852e-01 6.770833333333332871e-02 3.125000000000000000e-01 1.562500000000000000e-01
3.229166666666666852e-01 1.614583333333333426e-01 2.552083333333333148e-01 2.604166666666666852e-01
3.437500000000000000e-01 2.135416666666666574e-01 1.145833333333333287e-01 3.281250000000000000e-01
