1.191709844559585424e-01 3.108808290155440357e-01 1.502590673575129598e-01 4.196891191709844482e-01
1.917098445595854794e-01 2.279792746113989688e-01 9.326424870466321071e-02 4.870466321243523411e-01
3.782383419689119286e-01 1.398963730569948161e-01 2.020725388601036232e-01 2.797927461139896321e-01
5.699481865284974219e-02 1.554404145077720178e-01 3.937823834196891304e-01 3.937823834196891304e-01
2.590673575129533515e-02 4.559585492227979375e-01 3.782383419689119286e-01 1.398963730569948161e-01
6.683937823834197323e-01 5.181347150259067030e-02 5.699481865284974219e-02 2.227979274611398830e-01
4.300518134715025642e-01 4.455958549222797660e-01 4.145077720207254041e-02 8.290155440414508081e-02
2.020725388601036232e-01 1.606217616580310759e-01 2.487046632124352286e-01 3.886010362694300446e-01
1.554404145077720178e-01 3.782383419689119286e-01 1.295336787564766723e-01 3.367875647668393535e-01
8.290155440414508081e-02 4.145077720207254041e-02 1.139896373056994844e-01 7.616580310880829430e-01
6.217616580310880714e-02 4.870466321243523411e-01 3.678756476683937571e-01 8.290155440414508081e-02
1.968911917098445652e-01 2.487046632124352286e-01 8.290155440414508081e-02 4.715025906735751393e-01
1.191709844559585424e-01 1.761658031088082776e-01 1.036269430051813406e-01 6.010362694300518394e-01
4.352331606217616500e-01 7.772020725388600892e-02 2.279792746113989688e-01 2.590673575129533446e-01
1.606217616580310759e-01 3.056994818652849499e-01 9.844559585492228260e-02 4.352331606217616500e-01
2.590673575129533446e-01 4.145077720207254041e-02 4.663212435233160535e-02 6.528497409326424750e-01
7.253886010362693704e-02 4.663212435233160535e-02 1.295336787564766723e-01 7.512953367875647714e-01
4.663212435233160535e-02 6.321243523316062429e-01 2.331606217616580268e-01 8.808290155440413882e-02
