1.606217616580310759e-01 2.487046632124352286e-01 2.383419689119170848e-01 3.523316062176165553e-01
4.041450777202072464e-01 1.917098445595854794e-01 1.502590673575129598e-01 2.538860103626943143e-01
1.139896373056994844e-01 7.772020725388600892e-02 7.823834196891191750e-01 2.590673575129533515e-02
4.611398963730569678e-01 3.626943005181346852e-02 4.818652849740932553e-01 2.072538860103627020e-02
2.227979274611398830e-01 1.295336787564766723e-01 4.404145077720207357e-01 2.072538860103626812e-01
2.849740932642487179e-01 2.435233160621761705e-01 1.761658031088082776e-01 2.953367875647668339e-01
9.326424870466321071e-02 2.020725388601036232e-01 5.751295336787565216e-01 1.295336787564766723e-01
1.865284974093264214e-01 1.658031088082901616e-01 3.730569948186528428e-01 2.746113989637305464e-01
2.279792746113989688e-01 7.772020725388600892e-02 2.694300518134715161e-01 4.248704663212435340e-01
1.450777202072538741e-01 5.077720207253886286e-01 1.450777202072538741e-01 2.020725388601036232e-01
2.020725388601036232e-01 1.865284974093264214e-01 3.782383419689119286e-01 2.331606217616580268e-01
1.917098445595854794e-01 3.886010362694300446e-01 2.694300518134715161e-01 1.502590673575129598e-01
2.642487046632124303e-01 4.300518134715025642e-01 1.347150259067357581e-01 1.709844559585492196e-01
3.575129533678756411e-01 1.554404145077720178e-01 9.326424870466321071e-02 3.937823834196891304e-01
1.761658031088082776e-01 6.839378238341968785e-01 7.253886010362693704e-02 6.735751295336787903e-02
3.730569948186528428e-01 1.398963730569948161e-01 4.196891191709844482e-01 6.735751295336787903e-02
8.290155440414507249e-01 6.217616580310880714e-02 4.663212435233160535e-02 6.217616580310880714e-02
3.316062176165803232e-01 1.761658031088082776e-01 3.108808290155440357e-01 1.813471502590673634e-01
