1.243523316062176143e-01 3.626943005181347268e-01 3.005181347150259197e-01 2.124352331606217670e-01
3.523316062176165553e-01 2.953367875647668339e-01 2.124352331606217670e-01 1.398963730569948161e-01
2.124352331606217670e-01 2.279792746113989688e-01 3.212435233160621517e-01 2.383419689119170848e-01
3.678756476683937571e-01 4.145077720207254041e-02 2.383419689119170848e-01 3.523316062176165553e-01
3.886010362694300446e-01 9.326424870466321071e-02 3.471502590673575250e-01 1.709844559585492196e-01
4.145077720207254041e-02 1.761658031088082776e-01 4.559585492227979375e-01 3.264248704663212375e-01
3.264248704663212375e-01 1.554404145077720178e-02 5.854922279792745821e-01 7.253886010362693704e-02
3.419689119170984393e-01 4.145077720207254041e-02 6.217616580310880714e-02 5.544041450777201785e-01
1.088082901554404125e-01 3.367875647668393535e-01 1.295336787564766723e-01 4.248704663212435340e-01
1.295336787564766723e-01 5.751295336787565216e-01 2.072538860103626812e-01 8.808290155440413882e-02
7.772020725388600892e-02 5.388601036269430322e-01 6.217616580310880714e-02 3.212435233160621517e-01
1.917098445595854794e-01 4.145077720207254041e-02 5.647668393782383500e-01 2.020725388601036232e-01
1.450777202072538741e-01 4.145077720207254041e-02 7.305699481865285394e-01 8.290155440414508081e-02
8.808290155440413882e-02 2.072538860103627020e-02 8.238341968911917501e-01 6.735751295336787903e-02
5.699481865284974219e-02 1.813471502590673634e-01 8.290155440414508081e-02 6.787564766839377928e-01
2.694300518134715161e-01 1.761658031088082776e-01 4.145077720207254041e-02 5.129533678756477144e-01
1.554404145077720178e-02 8.031088082901554071e-01 5.181347150259067030e-02 1.295336787564766723e-01
2.124352331606217670e-01 3.264248704663212375e-01 3.005181347150259197e-01 1.606217616580310759e-01
