1.191709844559585424e-01 4.766839378238341696e-01 2.487046632124352286e-01 1.554404145077720178e-01
1.191709844559585424e-01 2.901554404145077481e-01 3.471502590673575250e-01 2.435233160621761705e-01
1.398963730569948161e-01 2.072538860103627020e-02 7.357512953367875141e-01 1.036269430051813406e-01
1.036269430051813510e-02 1.554404145077720178e-02 8.860103626943005573e-01 8.808290155440413882e-02
3.056994818652849499e-01 1.554404145077720178e-02 4.611398963730569678e-01 2.176165803108808250e-01
2.279792746113989688e-01 1.347150259067357581e-01 2.590673575129533515e-02 6.113989637305698999e-01
1.036269430051813510e-02 3.626943005181346852e-02 5.181347150259067551e-03 9.481865284974093644e-01
8.290155440414508081e-02 5.958549222797927536e-01 7.772020725388600892e-02 2.435233160621761705e-01
1.813471502590673634e-01 1.036269430051813510e-02 7.409326424870465999e-01 6.735751295336787903e-02
8.911917098445595320e-01 5.699481865284974219e-02 3.626943005181346852e-02 1.554404145077720178e-02
6.839378238341968785e-01 2.590673575129533515e-02 8.808290155440413882e-02 2.020725388601036232e-01
9.844559585492228260e-02 5.958549222797927536e-01 2.590673575129533515e-02 2.797927461139896321e-01
1.191709844559585424e-01 7.720207253886010035e-01 1.554404145077720178e-02 9.326424870466321071e-02
1.658031088082901616e-01 6.787564766839377928e-01 8.808290155440413882e-02 6.735751295336787903e-02
1.813471502590673634e-01 3.523316062176165553e-01 3.160621761658031215e-01 1.502590673575129598e-01
2.124352331606217670e-01 1.502590673575129598e-01 5.699481865284974358e-01 6.735751295336787903e-02
1.036269430051813406e-01 1.917098445595854794e-01 5.595854922279792643e-01 1.450777202072538741e-01
4.145077720207253624e-01 2.435233160621761705e-01 3.626943005181346852e-02 3.056994818652849499e-01
9.375000000000000000e-02 6.562500000000000000e-01 7.812500000000000000e-02 1.718750000000000000e-01
