3.523316062176165553e-01 1.554404145077720178e-01 1.554404145077720178e-01 3.367875647668393535e-01
1.554404145077720178e-01 2.383419689119170848e-01 1.450777202072538741e-01 4.611398963730569678e-01
1.606217616580310759e-01 1.865284974093264214e-01 1.917098445595854794e-01 4.611398963730569678e-01
5.958549222797927536e-01 2.590673575129533515e-02 2.538860103626943143e-01 1.243523316062176143e-01
5.181347150259067030e-02 6.165803108808289856e-01 9.326424870466321071e-02 2.383419689119170848e-01
5.699481865284974219e-02 5.025906735751295429e-01 3.523316062176165553e-01 8.808290155440413882e-02
8.290155440414508081e-02 4.663212435233160535e-02 6.217616580310880714e-02 8.082901554404144928e-01
3.626943005181347268e-01 3.989637305699481606e-01 7.253886010362693704e-02 1.658031088082901616e-01
2.124352331606217670e-01 1.243523316062176143e-01 3.316062176165803232e-01 3.316062176165803232e-01
1.865284974093264214e-01 2.538860103626943143e-01 3.626943005181347268e-01 1.968911917098445652e-01
1.658031088082901616e-01 9.844559585492228260e-02 1.450777202072538741e-01 5.906735751295336678e-01
2.279792746113989688e-01 3.419689119170984393e-01 2.538860103626943143e-01 1.761658031088082776e-01
1.554404145077720178e-02 1.658031088082901616e-01 3.626943005181346852e-02 7.823834196891191750e-01
6.217616580310880714e-02 1.139896373056994844e-01 9.844559585492228260e-02 7.253886010362694536e-01
5.699481865284974219e-02 1.088082901554404125e-01 5.181347150259067030e-02 7.823834196891191750e-01
2.279792746113989688e-01 3.989637305699481606e-01 8.290155440414508081e-02 2.901554404145077481e-01
2.020725388601036232e-01 1.295336787564766723e-01 1.761658031088082776e-01 4.922279792746113714e-01
2.020725388601036232e-01 1.709844559585492196e-01 1.968911917098445652e-01 4.300518134715025642e-01
