3.316062176165803232e-01 2.953367875647668339e-01 2.124352331606217670e-01 1.606217616580310759e-01
1.865284974093264214e-01 4.715025906735751393e-01 6.217616580310880714e-02 2.797927461139896321e-01
3.212435233160621517e-01 2.435233160621761705e-01 8.290155440414508081e-02 3.523316062176165553e-01
4.352331606217616500e-01 4.663212435233160535e-02 2.279792746113989688e-01 2.901554404145077481e-01
1.139896373056994844e-01 2.953367875647668339e-01 5.181347150259066892e-01 7.253886010362693704e-02
2.487046632124352286e-01 2.797927461139896321e-01 1.658031088082901616e-01 3.056994818652849499e-01
1.398963730569948161e-01 8.290155440414508081e-02 1.761658031088082776e-01 6.010362694300518394e-01
1.917098445595854794e-01 3.575129533678756411e-01 3.367875647668393535e-01 1.139896373056994844e-01
2.227979274611398830e-01 3.264248704663212375e-01 1.917098445595854794e-01 2.590673575129533446e-01
1.917098445595854794e-01 3.160621761658031215e-01 2.227979274611398830e-01 2.694300518134715161e-01
1.450777202072538741e-01 4.145077720207253624e-01 2.331606217616580268e-01 2.072538860103626812e-01
2.124352331606217670e-01 1.036269430051813406e-01 2.176165803108808250e-01 4.663212435233160535e-01
1.088082901554404125e-01 1.347150259067357581e-01 8.808290155440413882e-02 6.683937823834197323e-01
1.139896373056994844e-01 4.145077720207253624e-01 2.331606217616580268e-01 2.383419689119170848e-01
5.699481865284974219e-02 2.590673575129533515e-02 8.601036269430051284e-01 5.699481865284974219e-02
3.367875647668393535e-01 1.917098445595854794e-01 3.575129533678756411e-01 1.139896373056994844e-01
7.253886010362693704e-02 4.404145077720207357e-01 3.523316062176165553e-01 1.347150259067357581e-01
3.108808290155440357e-02 7.305699481865285394e-01 2.072538860103627020e-02 2.176165803108808250e-01
