1.709844559585492196e-01 1.761658031088082776e-01 5.077720207253886286e-01 1.450777202072538741e-01
5.803108808290154963e-01 9.326424870466321071e-02 4.145077720207254041e-02 2.849740932642487179e-01
4.352331606217616500e-01 0.000000000000000000e+00 4.922279792746113714e-01 7.253886010362693704e-02
1.398963730569948161e-01 4.196891191709844482e-01 2.331606217616580268e-01 2.072538860103626812e-01
1.295336787564766723e-01 2.020725388601036232e-01 5.388601036269430322e-01 1.295336787564766723e-01
3.316062176165803232e-01 9.844559585492228260e-02 4.196891191709844482e-01 1.502590673575129598e-01
1.450777202072538741e-01 1.658031088082901616e-01 2.797927461139896321e-01 4.093264248704663322e-01
2.072538860103626812e-01 4.300518134715025642e-01 2.227979274611398830e-01 1.398963730569948161e-01
4.145077720207254041e-02 5.233160621761657749e-01 4.093264248704663322e-01 2.590673575129533515e-02
6.373056994818653287e-01 1.554404145077720178e-01 6.217616580310880714e-02 1.450777202072538741e-01
1.398963730569948161e-01 3.575129533678756411e-01 4.248704663212435340e-01 7.772020725388600892e-02
2.435233160621761705e-01 3.937823834196891304e-01 2.746113989637305464e-01 8.808290155440413882e-02
2.227979274611398830e-01 6.735751295336787903e-02 4.455958549222797660e-01 2.642487046632124303e-01
3.005181347150259197e-01 2.072538860103627020e-02 3.626943005181346852e-02 6.424870466321243034e-01
1.295336787564766723e-01 2.072538860103626812e-01 1.347150259067357581e-01 5.284974093264248607e-01
4.974093264248704571e-01 3.834196891191709589e-01 1.088082901554404125e-01 1.036269430051813510e-02
1.813471502590673634e-01 2.746113989637305464e-01 3.316062176165803232e-01 2.124352331606217670e-01
6.683937823834197323e-01 2.176165803108808250e-01 4.663212435233160535e-02 6.735751295336787903e-02
