2.435233160621761705e-01 1.709844559585492196e-01 1.347150259067357581e-01 4.507772020725388518e-01
1.502590673575129598e-01 2.020725388601036232e-01 2.797927461139896321e-01 3.678756476683937571e-01
3.523316062176165553e-01 3.782383419689119286e-01 1.036269430051813406e-01 1.658031088082901616e-01
1.295336787564766723e-01 1.502590673575129598e-01 1.554404145077720178e-02 7.046632124352331106e-01
2.797927461139896321e-01 9.326424870466321071e-02 5.699481865284974219e-02 5.699481865284974358e-01
1.968911917098445652e-01 7.253886010362693704e-02 6.113989637305698999e-01 1.191709844559585424e-01
4.041450777202072464e-01 1.813471502590673634e-01 2.176165803108808250e-01 1.968911917098445652e-01
3.005181347150259197e-01 4.145077720207254041e-02 3.471502590673575250e-01 3.108808290155440357e-01
1.658031088082901616e-01 5.647668393782383500e-01 8.808290155440413882e-02 1.813471502590673634e-01
1.243523316062176143e-01 8.808290155440413882e-02 6.165803108808289856e-01 1.709844559585492196e-01
4.196891191709844482e-01 6.217616580310880714e-02 3.160621761658031215e-01 2.020725388601036232e-01
3.834196891191709589e-01 3.005181347150259197e-01 1.243523316062176143e-01 1.917098445595854794e-01
2.487046632124352286e-01 5.181347150259066892e-01 8.290155440414508081e-02 1.502590673575129598e-01
1.761658031088082776e-01 4.404145077720207357e-01 1.917098445595854794e-01 1.917098445595854794e-01
1.295336787564766723e-01 4.093264248704663322e-01 3.056994818652849499e-01 1.554404145077720178e-01
2.383419689119170848e-01 4.300518134715025642e-01 1.243523316062176143e-01 2.072538860103626812e-01
2.642487046632124303e-01 2.072538860103626812e-01 1.761658031088082776e-01 3.523316062176165553e-01
1.450777202072538741e-01 7.512953367875647714e-01 2.072538860103627020e-02 8.290155440414508081e-02
