2.538860103626943143e-01 2.694300518134715161e-01 1.865284974093264214e-01 2.901554404145077481e-01
1.088082901554404125e-01 1.139896373056994844e-01 6.321243523316062429e-01 1.450777202072538741e-01
1.658031088082901616e-01 3.886010362694300446e-01 4.093264248704663322e-01 3.626943005181346852e-02
1.761658031088082776e-01 2.072538860103626812e-01 3.782383419689119286e-01 2.383419689119170848e-01
4.663212435233160535e-02 1.968911917098445652e-01 5.181347150259067030e-02 7.046632124352331106e-01
7.772020725388600892e-02 2.124352331606217670e-01 2.590673575129533446e-01 4.507772020725388518e-01
1.709844559585492196e-01 1.761658031088082776e-01 2.901554404145077481e-01 3.626943005181347268e-01
2.227979274611398830e-01 1.606217616580310759e-01 1.243523316062176143e-01 4.922279792746113714e-01
5.181347150259066892e-01 2.694300518134715161e-01 8.808290155440413882e-02 1.243523316062176143e-01
7.772020725388600892e-02 7.409326424870465999e-01 1.295336787564766723e-01 5.181347150259067030e-02
6.735751295336787903e-02 1.865284974093264214e-01 5.803108808290154963e-01 1.658031088082901616e-01
1.139896373056994844e-01 3.523316062176165553e-01 3.937823834196891304e-01 1.398963730569948161e-01
3.523316062176165553e-01 2.383419689119170848e-01 1.450777202072538741e-01 2.642487046632124303e-01
5.388601036269430322e-01 6.735751295336787903e-02 1.606217616580310759e-01 2.331606217616580268e-01
2.953367875647668339e-01 2.849740932642487179e-01 3.367875647668393535e-01 8.290155440414508081e-02
2.746113989637305464e-01 3.419689119170984393e-01 3.005181347150259197e-01 8.290155440414508081e-02
7.772020725388600892e-02 1.295336787564766723e-01 7.046632124352331106e-01 8.808290155440413882e-02
1.606217616580310759e-01 3.730569948186528428e-01 1.917098445595854794e-01 2.746113989637305464e-01
