4.663212435233160535e-02 2.383419689119170848e-01 6.165803108808289856e-01 9.844559585492228260e-02
5.181347150259067551e-03 4.974093264248704571e-01 2.797927461139896321e-01 2.176165803108808250e-01
6.735751295336787903e-02 2.642487046632124303e-01 4.559585492227979375e-01 2.124352331606217670e-01
2.590673575129533446e-01 1.139896373056994844e-01 8.808290155440413882e-02 5.388601036269430322e-01
9.326424870466321071e-02 1.865284974093264214e-01 4.559585492227979375e-01 2.642487046632124303e-01
2.538860103626943143e-01 2.849740932642487179e-01 1.554404145077720178e-01 3.056994818652849499e-01
4.559585492227979375e-01 1.917098445595854794e-01 1.036269430051813406e-01 2.487046632124352286e-01
1.502590673575129598e-01 2.124352331606217670e-01 5.699481865284974358e-01 6.735751295336787903e-02
3.886010362694300446e-01 1.606217616580310759e-01 1.502590673575129598e-01 3.005181347150259197e-01
1.347150259067357581e-01 9.844559585492228260e-02 1.088082901554404125e-01 6.580310880829015607e-01
1.295336787564766723e-01 5.388601036269430322e-01 1.658031088082901616e-01 1.658031088082901616e-01
1.139896373056994844e-01 1.968911917098445652e-01 5.699481865284974358e-01 1.191709844559585424e-01
1.450777202072538741e-01 1.398963730569948161e-01 3.160621761658031215e-01 3.989637305699481606e-01
2.642487046632124303e-01 2.176165803108808250e-01 8.808290155440413882e-02 4.300518134715025642e-01
5.699481865284974219e-02 6.165803108808289856e-01 1.709844559585492196e-01 1.554404145077720178e-01
1.709844559585492196e-01 1.761658031088082776e-01 4.559585492227979375e-01 1.968911917098445652e-01
1.450777202072538741e-01 3.056994818652849499e-01 3.575129533678756411e-01 1.917098445595854794e-01
1.658031088082901616e-01 1.347150259067357581e-01 3.834196891191709589e-01 3.160621761658031215e-01
