1.813471502590673634e-01 6.735751295336787903e-02 1.450777202072538741e-01 6.062176165803109251e-01
2.227979274611398830e-01 1.502590673575129598e-01 3.730569948186528428e-01 2.538860103626943143e-01
4.041450777202072464e-01 1.139896373056994844e-01 4.093264248704663322e-01 7.253886010362693704e-02
4.922279792746113714e-01 6.217616580310880714e-02 2.176165803108808250e-01 2.279792746113989688e-01
1.243523316062176143e-01 1.243523316062176143e-01 1.606217616580310759e-01 5.906735751295336678e-01
8.808290155440413882e-02 1.243523316062176143e-01 4.145077720207254041e-02 7.461139896373056857e-01
1.865284974093264214e-01 6.321243523316062429e-01 8.290155440414508081e-02 9.844559585492228260e-02
3.005181347150259197e-01 7.253886010362693704e-02 1.450777202072538741e-01 4.818652849740932553e-01
4.559585492227979375e-01 8.290155440414508081e-02 1.088082901554404125e-01 3.523316062176165553e-01
3.575129533678756411e-01 4.093264248704663322e-01 1.191709844559585424e-01 1.139896373056994844e-01
3.626943005181347268e-01 1.295336787564766723e-01 1.139896373056994844e-01 3.937823834196891304e-01
3.523316062176165553e-01 8.808290155440413882e-02 1.347150259067357581e-01 4.248704663212435340e-01
7.772020725388600892e-02 1.036269430051813406e-01 3.626943005181347268e-01 4.559585492227979375e-01
9.326424870466321071e-02 1.554404145077720178e-01 6.476683937823833892e-01 1.036269430051813406e-01
3.264248704663212375e-01 2.953367875647668339e-01 1.761658031088082776e-01 2.020725388601036232e-01
7.253886010362693704e-02 2.176165803108808250e-01 2.590673575129533446e-01 4.507772020725388518e-01
2.176165803108808250e-01 3.782383419689119286e-01 3.730569948186528428e-01 3.108808290155440357e-02
2.642487046632124303e-01 4.455958549222797660e-01 1.088082901554404125e-01 1.813471502590673634e-01
