4.300518134715025642e-01 1.088082901554404125e-01 2.435233160621761705e-01 2.176165803108808250e-01
2.176165803108808250e-01 1.295336787564766723e-01 3.834196891191709589e-01 2.694300518134715161e-01
2.901554404145077481e-01 1.191709844559585424e-01 3.626943005181347268e-01 2.279792746113989688e-01
8.031088082901554071e-01 5.699481865284974219e-02 7.772020725388600892e-02 6.217616580310880714e-02
1.709844559585492196e-01 4.974093264248704571e-01 2.590673575129533446e-01 7.253886010362693704e-02
2.331606217616580268e-01 1.968911917098445652e-01 1.813471502590673634e-01 3.886010362694300446e-01
5.699481865284974219e-02 5.181347150259067030e-02 5.699481865284974219e-02 8.341968911917098106e-01
1.606217616580310759e-01 4.196891191709844482e-01 1.088082901554404125e-01 3.108808290155440357e-01
3.626943005181346852e-02 6.165803108808289856e-01 1.450777202072538741e-01 2.020725388601036232e-01
1.865284974093264214e-01 6.683937823834197323e-01 2.590673575129533515e-02 1.191709844559585424e-01
9.844559585492228260e-02 4.145077720207254041e-02 2.901554404145077481e-01 5.699481865284974358e-01
1.554404145077720178e-01 2.694300518134715161e-01 4.093264248704663322e-01 1.658031088082901616e-01
1.554404145077720178e-01 6.217616580310880714e-02 6.010362694300518394e-01 1.813471502590673634e-01
5.181347150259067030e-02 8.290155440414508081e-02 8.290155440414508081e-02 7.823834196891191750e-01
8.290155440414508081e-02 1.813471502590673634e-01 2.072538860103626812e-01 5.284974093264248607e-01
1.709844559585492196e-01 4.248704663212435340e-01 1.347150259067357581e-01 2.694300518134715161e-01
3.523316062176165553e-01 1.709844559585492196e-01 2.590673575129533446e-01 2.176165803108808250e-01
6.165803108808289856e-01 5.181347150259067030e-02 3.108808290155440357e-02 3.005181347150259197e-01
