2.072538860103626812e-01 2.642487046632124303e-01 2.797927461139896321e-01 2.487046632124352286e-01
3.834196891191709589e-01 2.849740932642487179e-01 1.865284974093264214e-01 1.450777202072538741e-01
2.487046632124352286e-01 5.181347150259066892e-01 1.502590673575129598e-01 8.290155440414508081e-02
1.658031088082901616e-01 2.331606217616580268e-01 3.989637305699481606e-01 2.020725388601036232e-01
9.326424870466321071e-02 2.279792746113989688e-01 1.761658031088082776e-01 5.025906735751295429e-01
1.917098445595854794e-01 2.124352331606217670e-01 8.808290155440413882e-02 5.077720207253886286e-01
2.176165803108808250e-01 3.005181347150259197e-01 3.056994818652849499e-01 1.761658031088082776e-01
8.808290155440413882e-02 2.538860103626943143e-01 5.284974093264248607e-01 1.295336787564766723e-01
1.347150259067357581e-01 1.865284974093264214e-01 5.388601036269430322e-01 1.398963730569948161e-01
2.331606217616580268e-01 1.347150259067357581e-01 3.834196891191709589e-01 2.487046632124352286e-01
1.709844559585492196e-01 3.471502590673575250e-01 3.730569948186528428e-01 1.088082901554404125e-01
2.072538860103626812e-01 1.347150259067357581e-01 5.284974093264248607e-01 1.295336787564766723e-01
5.129533678756477144e-01 1.554404145077720178e-01 2.124352331606217670e-01 1.191709844559585424e-01
2.331606217616580268e-01 6.373056994818653287e-01 5.181347150259067030e-02 7.772020725388600892e-02
7.772020725388600892e-02 3.886010362694300446e-01 1.865284974093264214e-01 3.471502590673575250e-01
4.663212435233160535e-02 9.067357512953367893e-01 5.181347150259067551e-03 4.145077720207254041e-02
1.347150259067357581e-01 3.264248704663212375e-01 4.145077720207253624e-01 1.243523316062176143e-01
2.383419689119170848e-01 2.176165803108808250e-01 3.056994818652849499e-01 2.383419689119170848e-01
