2.227979274611398830e-01 3.730569948186528428e-01 1.658031088082901616e-01 2.383419689119170848e-01
1.658031088082901616e-01 2.227979274611398830e-01 2.642487046632124303e-01 3.471502590673575250e-01
1.761658031088082776e-01 1.450777202072538741e-01 5.854922279792745821e-01 9.326424870466321071e-02
1.243523316062176143e-01 9.326424870466321071e-02 6.321243523316062429e-01 1.502590673575129598e-01
1.502590673575129598e-01 2.176165803108808250e-01 3.108808290155440357e-01 3.212435233160621517e-01
3.782383419689119286e-01 8.808290155440413882e-02 1.088082901554404125e-01 4.248704663212435340e-01
1.036269430051813406e-01 2.642487046632124303e-01 6.217616580310880714e-02 5.699481865284974358e-01
2.435233160621761705e-01 3.782383419689119286e-01 3.367875647668393535e-01 4.145077720207254041e-02
2.020725388601036232e-01 1.088082901554404125e-01 6.165803108808289856e-01 7.253886010362693704e-02
3.108808290155440357e-01 3.471502590673575250e-01 1.813471502590673634e-01 1.606217616580310759e-01
1.968911917098445652e-01 4.248704663212435340e-01 2.124352331606217670e-01 1.658031088082901616e-01
3.834196891191709589e-01 2.901554404145077481e-01 1.502590673575129598e-01 1.761658031088082776e-01
1.088082901554404125e-01 2.849740932642487179e-01 5.699481865284974358e-01 3.626943005181346852e-02
5.699481865284974219e-02 5.077720207253886286e-01 3.730569948186528428e-01 6.217616580310880714e-02
7.772020725388600892e-02 6.424870466321243034e-01 1.450777202072538741e-01 1.347150259067357581e-01
1.917098445595854794e-01 3.989637305699481606e-01 2.797927461139896321e-01 1.295336787564766723e-01
6.735751295336787903e-02 3.626943005181346852e-02 6.735751295336787070e-01 2.227979274611398830e-01
2.227979274611398830e-01 3.419689119170984393e-01 1.606217616580310759e-01 2.746113989637305464e-01
