1.191709844559585424e-01 3.108808290155440357e-01 4.145077720207253624e-01 1.554404145077720178e-01
1.398963730569948161e-01 5.595854922279792643e-01 8.290155440414508081e-02 2.176165803108808250e-01
1.191709844559585424e-01 7.772020725388600892e-02 1.139896373056994844e-01 6.891191709844559643e-01
1.191709844559585424e-01 1.658031088082901616e-01 5.751295336787565216e-01 1.398963730569948161e-01
9.844559585492228260e-02 1.243523316062176143e-01 4.352331606217616500e-01 3.419689119170984393e-01
2.694300518134715161e-01 1.917098445595854794e-01 4.404145077720207357e-01 9.844559585492228260e-02
4.663212435233160535e-01 7.253886010362693704e-02 3.471502590673575250e-01 1.139896373056994844e-01
2.176165803108808250e-01 6.010362694300518394e-01 1.243523316062176143e-01 5.699481865284974219e-02
2.020725388601036232e-01 2.797927461139896321e-01 9.844559585492228260e-02 4.196891191709844482e-01
7.202072538860103679e-01 1.554404145077720178e-01 4.663212435233160535e-02 7.772020725388600892e-02
5.906735751295336678e-01 9.844559585492228260e-02 2.124352331606217670e-01 9.844559585492228260e-02
2.849740932642487179e-01 1.606217616580310759e-01 2.797927461139896321e-01 2.746113989637305464e-01
4.248704663212435340e-01 1.295336787564766723e-01 1.968911917098445652e-01 2.487046632124352286e-01
4.248704663212435340e-01 2.383419689119170848e-01 1.450777202072538741e-01 1.917098445595854794e-01
4.145077720207254041e-02 5.077720207253886286e-01 3.419689119170984393e-01 1.088082901554404125e-01
1.709844559585492196e-01 2.227979274611398830e-01 7.253886010362693704e-02 5.336787564766839465e-01
1.398963730569948161e-01 4.300518134715025642e-01 2.279792746113989688e-01 2.020725388601036232e-01
3.108808290155440357e-02 3.989637305699481606e-01 1.450777202072538741e-01 4.248704663212435340e-01
