3.471502590673575250e-01 2.746113989637305464e-01 1.865284974093264214e-01 1.917098445595854794e-01
4.611398963730569678e-01 1.088082901554404125e-01 1.502590673575129598e-01 2.797927461139896321e-01
5.181347150259067030e-02 6.217616580310880714e-01 1.191709844559585424e-01 2.072538860103626812e-01
5.336787564766839465e-01 3.316062176165803232e-01 1.088082901554404125e-01 2.590673575129533515e-02
1.761658031088082776e-01 2.487046632124352286e-01 2.020725388601036232e-01 3.730569948186528428e-01
3.264248704663212375e-01 1.968911917098445652e-01 1.968911917098445652e-01 2.797927461139896321e-01
3.678756476683937571e-01 2.176165803108808250e-01 3.678756476683937571e-01 4.663212435233160535e-02
4.611398963730569678e-01 7.772020725388600892e-02 3.989637305699481606e-01 6.217616580310880714e-02
4.922279792746113714e-01 6.735751295336787903e-02 2.279792746113989688e-01 2.124352331606217670e-01
1.295336787564766723e-01 1.295336787564766723e-01 4.093264248704663322e-01 3.316062176165803232e-01
8.808290155440413882e-02 1.502590673575129598e-01 3.678756476683937571e-01 3.937823834196891304e-01
1.398963730569948161e-01 5.958549222797927536e-01 7.772020725388600892e-02 1.865284974093264214e-01
1.502590673575129598e-01 1.450777202072538741e-01 4.145077720207253624e-01 2.901554404145077481e-01
1.606217616580310759e-01 3.056994818652849499e-01 1.606217616580310759e-01 3.730569948186528428e-01
1.243523316062176143e-01 6.010362694300518394e-01 5.181347150259067030e-02 2.227979274611398830e-01
1.088082901554404125e-01 5.647668393782383500e-01 4.663212435233160535e-02 2.797927461139896321e-01
1.139896373056994844e-01 7.875647668393782608e-01 5.699481865284974219e-02 4.145077720207254041e-02
1.502590673575129598e-01 4.404145077720207357e-01 1.450777202072538741e-01 2.642487046632124303e-01
