3.471502590673575250e-01 3.108808290155440357e-02 5.492227979274610927e-01 7.253886010362693704e-02
1.347150259067357581e-01 9.844559585492228260e-02 6.580310880829015607e-01 1.088082901554404125e-01
4.196891191709844482e-01 8.290155440414508081e-02 2.849740932642487179e-01 2.124352331606217670e-01
4.663212435233160535e-01 1.243523316062176143e-01 4.663212435233160535e-02 3.626943005181347268e-01
2.694300518134715161e-01 6.217616580310880714e-02 2.590673575129533515e-02 6.424870466321243034e-01
2.020725388601036232e-01 3.367875647668393535e-01 1.709844559585492196e-01 2.901554404145077481e-01
2.020725388601036232e-01 5.181347150259067030e-02 5.854922279792745821e-01 1.606217616580310759e-01
8.290155440414507249e-01 5.181347150259067030e-02 6.735751295336787903e-02 5.181347150259067030e-02
7.253886010362694536e-01 2.072538860103627020e-02 9.844559585492228260e-02 1.554404145077720178e-01
2.642487046632124303e-01 5.388601036269430322e-01 1.554404145077720178e-02 1.813471502590673634e-01
1.450777202072538741e-01 6.891191709844559643e-01 4.663212435233160535e-02 1.191709844559585424e-01
1.606217616580310759e-01 7.253886010362694536e-01 7.253886010362693704e-02 4.145077720207254041e-02
5.025906735751295429e-01 6.735751295336787903e-02 2.901554404145077481e-01 1.398963730569948161e-01
1.139896373056994844e-01 7.772020725388600892e-02 7.979274611398963213e-01 1.036269430051813510e-02
2.538860103626943143e-01 1.450777202072538741e-01 5.388601036269430322e-01 6.217616580310880714e-02
6.683937823834197323e-01 4.663212435233160535e-02 5.181347150259067030e-02 2.331606217616580268e-01
4.663212435233160535e-01 4.145077720207253624e-01 6.217616580310880714e-02 5.699481865284974219e-02
1.036269430051813406e-01 3.367875647668393535e-01 3.575129533678756411e-01 2.020725388601036232e-01
