3.834196891191709589e-01 2.020725388601036232e-01 1.606217616580310759e-01 2.538860103626943143e-01
1.398963730569948161e-01 1.036269430051813406e-01 3.212435233160621517e-01 4.352331606217616500e-01
2.708333333333333148e-01 5.208333333333333565e-02 5.833333333333333703e-01 9.375000000000000000e-02
2.708333333333333148e-01 1.041666666666666713e-01 5.260416666666666297e-01 9.895833333333332871e-02
1.666666666666666574e-01 2.135416666666666574e-01 2.135416666666666574e-01 4.062500000000000000e-01
3.437500000000000000e-01 4.322916666666666852e-01 9.375000000000000000e-02 1.302083333333333426e-01
1.093750000000000000e-01 2.083333333333333426e-01 3.541666666666666852e-01 3.281250000000000000e-01
2.135416666666666574e-01 5.781250000000000000e-01 9.895833333333332871e-02 1.093750000000000000e-01
1.093750000000000000e-01 5.885416666666666297e-01 1.093750000000000000e-01 1.927083333333333426e-01
1.927083333333333426e-01 5.000000000000000000e-01 9.895833333333332871e-02 2.083333333333333426e-01
7.291666666666667129e-02 4.062500000000000000e-01 1.875000000000000000e-01 3.333333333333333148e-01
1.250000000000000000e-01 4.947916666666666852e-01 9.375000000000000000e-02 2.864583333333333148e-01
1.041666666666666713e-01 6.354166666666666297e-01 8.333333333333332871e-02 1.770833333333333426e-01
6.770833333333332871e-02 8.854166666666667129e-02 6.666666666666666297e-01 1.770833333333333426e-01
4.427083333333333148e-01 6.250000000000000000e-02 2.447916666666666574e-01 2.500000000000000000e-01
3.541666666666666852e-01 3.385416666666666852e-01 1.354166666666666574e-01 1.718750000000000000e-01
4.635416666666666852e-01 1.614583333333333426e-01 2.864583333333333148e-01 8.854166666666667129e-02
8.854166666666667129e-02 3.802083333333333148e-01 3.333333333333333148e-01 1.979166666666666574e-01
