6.735751295336787903e-02 1.450777202072538741e-01 5.595854922279792643e-01 2.279792746113989688e-01
1.865284974093264214e-01 3.108808290155440357e-02 5.077720207253886286e-01 2.746113989637305464e-01
1.450777202072538741e-01 3.523316062176165553e-01 3.108808290155440357e-01 1.917098445595854794e-01
6.217616580310880714e-02 2.901554404145077481e-01 8.808290155440413882e-02 5.595854922279792643e-01
7.772020725388600892e-01 6.217616580310880714e-02 1.347150259067357581e-01 2.590673575129533515e-02
4.196891191709844482e-01 1.088082901554404125e-01 3.264248704663212375e-01 1.450777202072538741e-01
1.450777202072538741e-01 4.041450777202072464e-01 2.642487046632124303e-01 1.865284974093264214e-01
1.191709844559585424e-01 2.072538860103627020e-02 7.150259067357512821e-01 1.450777202072538741e-01
3.626943005181346852e-02 6.528497409326424750e-01 1.243523316062176143e-01 1.865284974093264214e-01
3.108808290155440357e-01 1.865284974093264214e-01 4.041450777202072464e-01 9.844559585492228260e-02
1.865284974093264214e-01 1.658031088082901616e-01 2.176165803108808250e-01 4.300518134715025642e-01
6.217616580310880714e-02 2.487046632124352286e-01 1.036269430051813406e-01 5.854922279792745821e-01
4.715025906735751393e-01 6.735751295336787903e-02 2.901554404145077481e-01 1.709844559585492196e-01
2.538860103626943143e-01 9.326424870466321071e-02 5.388601036269430322e-01 1.139896373056994844e-01
4.559585492227979375e-01 2.590673575129533446e-01 4.663212435233160535e-02 2.383419689119170848e-01
3.108808290155440357e-02 8.963730569948186178e-01 4.663212435233160535e-02 2.590673575129533515e-02
1.554404145077720178e-01 1.295336787564766723e-01 4.663212435233160535e-02 6.683937823834197323e-01
2.694300518134715161e-01 1.968911917098445652e-01 3.212435233160621517e-01 2.124352331606217670e-01
