4.145077720207254041e-02 5.440414507772021180e-01 2.953367875647668339e-01 1.191709844559585424e-01
2.746113989637305464e-01 8.808290155440413882e-02 2.746113989637305464e-01 3.626943005181347268e-01
6.735751295336787903e-02 2.694300518134715161e-01 5.544041450777201785e-01 1.088082901554404125e-01
3.367875647668393535e-01 2.279792746113989688e-01 2.694300518134715161e-01 1.658031088082901616e-01
8.290155440414508081e-02 1.709844559585492196e-01 2.487046632124352286e-01 4.974093264248704571e-01
4.352331606217616500e-01 2.124352331606217670e-01 1.502590673575129598e-01 2.020725388601036232e-01
3.108808290155440357e-01 1.295336787564766723e-01 4.507772020725388518e-01 1.088082901554404125e-01
1.658031088082901616e-01 1.191709844559585424e-01 5.595854922279792643e-01 1.554404145077720178e-01
2.176165803108808250e-01 4.093264248704663322e-01 1.450777202072538741e-01 2.279792746113989688e-01
2.590673575129533515e-02 1.502590673575129598e-01 5.492227979274610927e-01 2.746113989637305464e-01
1.865284974093264214e-01 1.295336787564766723e-01 2.642487046632124303e-01 4.196891191709844482e-01
4.663212435233160535e-02 6.321243523316062429e-01 1.398963730569948161e-01 1.813471502590673634e-01
1.295336787564766723e-01 4.663212435233160535e-02 1.450777202072538741e-01 6.787564766839377928e-01
3.367875647668393535e-01 8.290155440414508081e-02 1.295336787564766723e-01 4.507772020725388518e-01
2.227979274611398830e-01 6.217616580310880714e-02 4.248704663212435340e-01 2.901554404145077481e-01
5.025906735751295429e-01 2.746113989637305464e-01 7.772020725388600892e-02 1.450777202072538741e-01
1.606217616580310759e-01 3.834196891191709589e-01 1.191709844559585424e-01 3.367875647668393535e-01
3.782383419689119286e-01 5.181347150259067030e-02 5.699481865284974219e-02 5.129533678756477144e-01
