3.056994818652849499e-01 1.347150259067357581e-01 2.590673575129533446e-01 3.005181347150259197e-01
8.808290155440413882e-02 8.290155440414508081e-02 6.943005181347150501e-01 1.347150259067357581e-01
2.227979274611398830e-01 2.487046632124352286e-01 3.367875647668393535e-01 1.917098445595854794e-01
3.316062176165803232e-01 1.502590673575129598e-01 3.005181347150259197e-01 2.176165803108808250e-01
4.663212435233160535e-02 5.699481865284974358e-01 2.072538860103626812e-01 1.761658031088082776e-01
5.181347150259066892e-01 2.487046632124352286e-01 1.450777202072538741e-01 8.808290155440413882e-02
2.642487046632124303e-01 6.735751295336787903e-02 3.471502590673575250e-01 3.212435233160621517e-01
2.590673575129533515e-02 4.663212435233160535e-02 8.393782383419688964e-01 8.808290155440413882e-02
7.772020725388600892e-02 6.943005181347150501e-01 9.844559585492228260e-02 1.295336787564766723e-01
1.191709844559585424e-01 1.658031088082901616e-01 3.575129533678756411e-01 3.575129533678756411e-01
5.284974093264248607e-01 1.036269430051813406e-01 4.663212435233160535e-02 3.212435233160621517e-01
6.217616580310880714e-02 2.694300518134715161e-01 5.025906735751295429e-01 1.658031088082901616e-01
3.834196891191709589e-01 1.606217616580310759e-01 1.450777202072538741e-01 3.108808290155440357e-01
1.865284974093264214e-01 2.383419689119170848e-01 2.694300518134715161e-01 3.056994818652849499e-01
5.284974093264248607e-01 8.808290155440413882e-02 2.383419689119170848e-01 1.450777202072538741e-01
1.658031088082901616e-01 3.108808290155440357e-01 1.295336787564766723e-01 3.937823834196891304e-01
3.264248704663212375e-01 3.160621761658031215e-01 2.072538860103626812e-01 1.502590673575129598e-01
4.248704663212435340e-01 2.279792746113989688e-01 2.279792746113989688e-01 1.191709844559585424e-01
