8.808290155440413882e-02 1.554404145077720178e-01 4.248704663212435340e-01 3.316062176165803232e-01
1.606217616580310759e-01 5.699481865284974219e-02 7.046632124352331106e-01 7.772020725388600892e-02
2.072538860103627020e-02 5.181347150259067551e-03 9.119170984455958751e-01 6.217616580310880714e-02
4.611398963730569678e-01 9.844559585492228260e-02 2.901554404145077481e-01 1.502590673575129598e-01
3.419689119170984393e-01 9.844559585492228260e-02 3.626943005181346852e-02 5.233160621761657749e-01
8.808290155440413882e-02 8.808290155440413882e-02 7.253886010362693704e-02 7.512953367875647714e-01
1.865284974093264214e-01 4.352331606217616500e-01 1.243523316062176143e-01 2.538860103626943143e-01
2.331606217616580268e-01 1.554404145077720178e-02 6.683937823834197323e-01 8.290155440414508081e-02
7.512953367875647714e-01 1.191709844559585424e-01 9.844559585492228260e-02 3.108808290155440357e-02
6.943005181347150501e-01 4.663212435233160535e-02 8.290155440414508081e-02 1.761658031088082776e-01
1.295336787564766723e-01 6.373056994818653287e-01 5.181347150259067030e-02 1.813471502590673634e-01
1.191709844559585424e-01 6.321243523316062429e-01 1.398963730569948161e-01 1.088082901554404125e-01
2.383419689119170848e-01 6.580310880829015607e-01 7.772020725388600892e-02 2.590673575129533515e-02
3.419689119170984393e-01 1.243523316062176143e-01 3.886010362694300446e-01 1.450777202072538741e-01
9.326424870466321071e-02 2.072538860103626812e-01 6.632124352331606465e-01 3.626943005181346852e-02
1.813471502590673634e-01 8.290155440414508081e-02 6.424870466321243034e-01 9.326424870466321071e-02
6.632124352331606465e-01 1.139896373056994844e-01 5.699481865284974219e-02 1.658031088082901616e-01
1.813471502590673634e-01 6.269430051813471572e-01 9.844559585492228260e-02 9.326424870466321071e-02
